-8.240111	-3.943948	-2.827118	0.464799
-9.865050	-3.149648	-1.109162	0.083237
-8.540856	-2.888974	-2.915756	0.037613
-8.311124	-0.377727	-1.438122	0.104000
-8.713865	-1.338603	3.522706	-0.330896
-8.521235	-0.542091	4.641740	-0.324239
-8.874511	-1.397207	0.395099	0.049809
-8.213083	3.589012	-0.328342	-0.324230
-9.190727	3.143055	-0.518099	-0.477310
-9.602909	0.285038	-1.705925	-0.017722
-8.379474	0.909873	-3.373563	-0.017740
-9.700368	1.024993	-2.751973	0.068033
-8.828464	4.592592	1.492375	0.459073
-5.477073	-5.684591	-5.950441	-0.002788
-4.423931	-5.453045	-6.845570	0.003009
-3.188200	-6.037922	-6.614501	-0.132069
-0.539311	-7.349085	-6.111155	-0.195711
-6.454717	-5.238634	-6.140198	0.041869
-2.387787	-5.840862	-7.325899	-0.063828
-0.645314	-6.661718	-6.948004	-0.129565
-4.031575	-7.063543	-4.582034	0.409933
-5.284443	-6.481103	-4.831407	-0.330924
-7.159941	-6.927523	-1.223470	-0.002713
-5.924210	-6.342657	-0.992402	-0.118667
-2.951174	-6.860342	-5.492679	-0.164117
-1.659389	-7.523107	-5.224876	-0.202622
-0.717758	-5.426016	-2.116810	-0.377447
-6.092449	-6.688171	-4.129736	-0.474632
-5.123797	-6.539707	-1.703800	-0.089385
-3.381324	-5.718851	-1.325905	-0.063776
-1.542247	-6.079340	-2.404932	0.164926
-2.882824	-8.147952	-3.557237	0.202244
-3.874177	-7.817299	-3.476302	0.081537
-1.561930	-8.263072	-4.178828	-0.004915
0.214137	-9.507115	-1.007750	0.070605
-0.986554	-9.633538	-0.242526	0.073711
0.171278	-8.812085	-1.853314	0.073702
-2.105004	-8.829261	-0.568597	0.071203
-2.007618	-8.111749	-1.384633	0.323415
-4.133264	-8.292148	-0.199528	-0.088493
-6.767585	-5.317036	1.040066	0.419315
-8.020453	-5.899476	0.790692	0.409963
-5.687184	-5.520227	0.129421	-0.132123
-3.627764	-7.889541	4.555925	-0.386028
-3.453768	-6.954563	3.505289	0.058771
-2.261556	-6.831678	2.829738	0.050521
-2.509314	-8.693808	4.881995	-0.389617
-6.117334	-6.661718	4.296195	-0.129565
-4.278257	-6.301229	3.217168	0.163220
-2.185863	-6.094325	2.034818	0.083224
-0.523953	-6.771418	0.593244	0.036999
-3.305083	-8.929087	0.101029	0.323351
-5.457440	-8.031474	1.607055	-0.398347
-1.143601	-7.656586	3.155752	0.099468
-1.309223	-8.593992	4.212369	-0.071303
0.175624	-6.570171	1.418096	-0.383063
0.193263	-5.238634	5.104001	0.041869
-0.481054	-9.230931	4.512927	0.122772
-0.016995	-5.552440	1.791460	0.132003
0.030294	-7.552193	2.481280	0.081337
-3.259963	-5.609161	6.215343	0.144981
-2.560386	-5.810408	7.040195	-0.389552
-1.540711	-5.770255	6.646210	0.146087
-4.494701	-1.921043	-7.970866	0.419301
-3.241845	-1.338603	-7.721493	-0.330896
-3.049215	-0.542091	-6.602459	-0.324239
-4.102357	-0.310545	-5.707331	0.003009
-5.338088	-0.895422	-5.938399	-0.118678
-5.575114	-1.717842	-7.060221	-0.164091
-6.866899	-2.380607	-7.328024	-0.155454
-2.433839	-1.545671	-8.423164	-0.474586
-2.071571	-0.096134	-6.412702	-0.477317
-4.572763	-4.815170	-7.716320	0.041191
-1.397254	-4.088431	-5.821628	0.122752
-0.146814	-4.232627	-9.179337	0.191127
-1.138167	-4.563269	-9.098401	0.081289
-0.337585	-0.627755	-7.954911	-0.502420
-3.275321	-5.031494	-0.489055	-0.202549
-2.092445	-4.364604	-0.300951	0.387710
-0.891754	-4.491038	-1.066175	0.371313
0.383249	-1.689178	-4.138439	0.050639
-0.734707	-2.514086	-4.464453	0.093402
-0.569085	-3.451492	-5.521070	-0.071260
0.226696	-3.686761	-0.740104	-0.075823
-2.053931	-1.427671	-2.726797	-0.383029
-3.022187	-3.294121	-4.103683	0.464775
-6.138501	-0.698362	-5.227001	-0.089483
-7.880974	-1.519218	-5.604896	-0.129575
0.307568	-0.951825	-3.343519	0.085748
-1.861313	-0.409940	-3.100161	0.132027
-3.073607	-1.467824	-2.332811	0.146106
-1.354343	-1.628918	-1.901945	0.036995
-2.721430	-4.349105	-4.015045	0.037618
-7.422226	-4.135095	-3.528643	0.118303
-3.840072	-3.102974	-3.402157	0.116511
-7.872189	-4.112612	-1.803221	0.192912
-3.390109	-3.125468	-5.127580	0.192884
-1.908602	-2.409693	-3.789981	0.203484
-7.230711	-0.174536	-2.348767	-0.004935
-5.977855	-0.756976	-2.099393	0.103953
-5.785225	-1.553488	-0.980359	0.094397
-5.169844	-0.549908	-2.801076	-0.011723
-8.074098	-1.200157	-0.316299	-0.011697
-6.838367	-1.785023	-0.085231	0.047754
-4.807581	-1.999445	-0.790602	0.047766
-4.395399	-4.857462	0.397224	-0.155549
-2.521873	-2.873464	4.614349	0.387703
-3.722564	-2.747041	5.379573	-0.385934
-4.841014	-3.551308	5.053503	-0.075827
-7.905859	-1.545671	2.821035	-0.474586
-7.543591	-0.096134	4.831497	-0.477317
-2.049574	-3.669585	0.544613	-0.132985
-2.564732	-3.568494	3.768786	-0.133127
-6.869274	-4.088431	5.422571	0.122752
-4.743628	-4.268820	4.237466	0.121919
-5.618834	-4.232627	2.064862	0.191127
-6.610187	-4.563269	2.145798	0.081289
-4.297940	-4.117507	1.443272	-0.003485
-6.689535	-2.422899	0.785520	0.068025
-1.160549	-0.283516	0.808109	0.071159
-2.352761	-0.406391	1.483661	0.318688
-2.428442	-1.143754	2.278581	-0.086976
-4.789941	-0.667908	2.895303	-0.500247
-4.597323	-1.685629	2.521939	-0.502413
-5.809605	-0.627755	3.289288	-0.502420
-4.090353	-0.466661	3.720154	-0.398354
-0.218919	-2.380607	3.916175	-0.155454
-1.338985	-2.206585	4.802454	-0.195648
0.129322	-2.969249	0.075932	0.121909
-0.316378	-3.120572	2.870127	-0.003455
-0.336049	-0.936840	1.096231	0.318663
-3.896559	-1.812063	6.430209	-0.377281
-5.088771	-1.689178	7.105760	0.050639
-6.206727	-2.514086	6.779746	0.093402
-6.041105	-3.451492	5.723129	-0.071260
-5.164452	-0.951825	7.900680	0.085748
-1.592131	-3.943948	8.417081	0.464799
-1.232994	-1.519218	5.639303	-0.129575
-3.072059	-1.158729	6.718330	0.163194
-1.892876	-2.888974	8.328443	0.037613
-0.774246	-4.135095	7.715556	0.118303
-1.224209	-4.112612	9.440978	0.192912
-2.705716	-4.828376	8.103379	0.203462
-0.582731	-0.174536	8.895432	-0.004935
-1.663144	-0.377727	9.806077	0.104000
-5.477073	4.600409	-5.950441	-0.002788
-4.423931	4.831955	-6.845570	0.003009
-3.188200	4.247078	-6.614501	-0.132069
-0.539311	2.935915	-6.111155	-0.195711
-5.504101	1.848379	-8.449217	0.459050
-6.454717	5.046366	-6.140198	0.041869
-2.387787	4.444138	-7.325899	-0.063828
-0.645314	3.623282	-6.948004	-0.129565
-7.129034	1.054069	-6.731272	0.122772
-5.804846	0.793395	-8.537855	0.118276
-5.136179	2.017043	-7.425320	0.191139
-0.286177	1.198552	-9.725782	-0.500234
0.014580	2.253526	-9.637144	-0.398347
-1.104062	1.007405	-9.024257	-0.390946
-4.031575	3.221457	-4.582034	0.409933
-5.284443	3.803897	-4.831407	-0.330924
-7.159941	3.357477	-1.223470	-0.002713
-5.924210	3.942343	-0.992402	-0.118667
-2.951174	3.424658	-5.492679	-0.164117
-1.659389	2.761893	-5.224876	-0.202622
-0.717758	4.858984	-2.116810	-0.377447
-6.092449	3.596829	-4.129736	-0.474632
-7.308773	2.719601	-2.094221	0.041934
-3.953525	0.327330	-4.836580	0.041261
-5.123797	3.745293	-1.703800	-0.089385
-3.381324	4.566149	-1.325905	-0.063776
-1.542247	4.205660	-2.404932	0.164926
-8.188691	4.514745	-4.597989	0.146087
-2.882824	2.137048	-3.557237	0.202244
-3.874177	2.467701	-3.476302	0.081537
-1.561930	2.021928	-4.178828	-0.004915
-7.388121	0.579231	-3.454499	0.094415
0.214137	0.777885	-1.007750	0.070605
-0.986554	0.651462	-0.242526	0.073711
0.171278	1.472915	-1.853314	0.073702
-2.105004	1.455739	-0.568597	0.071203
-2.007618	2.173251	-1.384633	0.323415
-4.133264	1.992852	-0.199528	-0.088493
-6.767585	4.967964	1.040066	0.419315
-8.020453	4.385524	0.790692	0.409963
-5.687184	4.764773	0.129421	-0.132123
-6.011331	2.935915	5.133044	-0.195711
-4.828455	2.269036	5.321149	0.371435
-3.627764	2.395459	4.555925	-0.386028
-3.453768	3.330437	3.505289	0.058771
-2.261556	3.453322	2.829738	0.050521
-2.509314	1.591192	4.881995	-0.389617
-7.859807	4.444138	3.918300	-0.063828
-6.117334	3.623282	4.296195	-0.129565
-4.278257	3.983771	3.217168	0.163220
-2.185863	4.190675	2.034818	0.083224
-0.523953	3.513582	0.593244	0.036999
-3.305083	1.355913	0.101029	0.323351
-3.470717	0.418517	1.157647	-0.086945
-4.644612	0.314124	1.832119	-0.088440
-5.758197	1.198552	1.518417	-0.500234
-5.457440	2.253526	1.607055	-0.398347
-6.576082	1.007405	2.219942	-0.390946
-6.126119	1.029888	0.494520	-0.390853
-1.143601	2.628414	3.155752	0.099468
-1.309223	1.691008	4.212369	-0.071303
0.175624	3.714829	1.418096	-0.383063
0.193263	5.046366	5.104001	0.041869
-0.481054	1.054069	4.512927	0.122772
-0.016995	4.732560	1.791460	0.132003
0.030294	2.732807	2.481280	0.081337
-7.131409	2.761893	6.019323	-0.202622
-4.785584	1.574006	6.166712	0.164922
-4.921873	3.998746	7.656917	0.085790
-3.259963	4.675839	6.215343	0.144981
-7.033950	2.021928	7.065371	-0.004915
-2.560386	4.474592	7.040195	-0.389552
-0.660793	2.719601	9.149978	0.041934
-2.606688	0.873680	5.698032	0.133471
-2.753005	3.456871	7.413559	0.133460
-1.540711	4.514745	6.646210	0.146087
-0.740141	0.579231	7.789700	0.094415
-2.954929	0.285038	9.538274	-0.017722
-1.731494	0.909873	7.870636	-0.017740
-3.052388	1.024993	8.492226	0.068033
-1.397254	6.196569	-5.821628	0.122752
-3.275321	5.253506	-0.489055	-0.202549
-2.092445	5.920396	-0.300951	0.387710
-0.891754	5.793962	-1.066175	0.371313
0.383249	8.595822	-4.138439	0.050639
-0.734707	7.770914	-4.464453	0.093402
-0.569085	6.833508	-5.521070	-0.071260
0.226696	6.598239	-0.740104	-0.075823
-2.053931	8.857329	-2.726797	-0.383029
-3.022187	6.990879	-4.103683	0.464775
0.307568	9.333175	-3.343519	0.085748
-3.073607	8.817176	-2.332811	0.146106
-1.354343	8.656082	-1.901945	0.036995
-2.721430	5.935895	-4.015045	0.037618
-7.422226	6.149905	-3.528643	0.118303
-3.840072	7.182026	-3.402157	0.116511
-7.872189	6.172388	-1.803221	0.192912
-3.390109	7.159532	-5.127580	0.192884
-1.908602	7.875307	-3.789981	0.203484
-4.807581	8.285555	-0.790602	0.047766
-4.395399	5.427538	0.397224	-0.155549
-2.521873	7.411536	4.614349	0.387703
-3.722564	7.537959	5.379573	-0.385934
-4.841014	6.733692	5.053503	-0.075827
-2.049574	6.615415	0.544613	-0.132985
-2.564732	6.716506	3.768786	-0.133127
-4.743628	6.016180	4.237466	0.121919
-5.618834	6.052373	2.064862	0.191127
-6.610187	5.721731	2.145798	0.081289
-4.297940	6.167493	1.443272	-0.003485
-6.689535	7.862101	0.785520	0.068025
-1.160549	10.001484	0.808109	0.071159
-2.352761	9.878609	1.483661	0.318688
-2.428442	9.141246	2.278581	-0.086976
-4.597323	8.599371	2.521939	-0.502413
-0.218919	7.904393	3.916175	-0.155454
-1.338985	8.078415	4.802454	-0.195648
0.129322	7.315751	0.075932	0.121909
-0.316378	7.164428	2.870127	-0.003455
-0.336049	9.348160	1.096231	0.318663
-0.774246	6.149905	7.715556	0.118303
-2.705716	5.456624	8.103379	0.203462
0.643565	-8.015964	-5.923050	0.371435
1.193763	-6.301229	-8.027031	0.163220
5.665283	-5.238634	-6.140198	0.041869
0.474454	-5.548891	-2.792362	0.058838
0.686436	-8.710994	-5.077487	0.164922
0.550147	-6.286254	-3.587282	0.085790
2.212057	-5.609161	-5.028856	0.144981
3.906917	-6.695988	-0.328342	-0.324230
4.960059	-6.927523	-1.223470	-0.002713
6.195790	-6.342657	-0.992402	-0.118667
2.911634	-5.810408	-4.204004	-0.389552
6.027551	-6.688171	-4.129736	-0.474632
2.929273	-7.141945	-0.518099	-0.477310
4.811227	-7.565399	-2.094221	0.041934
6.996203	-6.539707	-1.703800	-0.089385
2.719015	-6.828129	-3.830640	0.133460
3.931309	-5.770255	-4.597989	0.146087
1.397025	-10.173994	-0.819646	0.049815
2.419632	-9.260007	-2.751973	0.068033
5.352415	-5.317036	1.040066	0.419315
4.099547	-5.899476	0.790692	0.409963
1.170907	-5.684591	5.293758	-0.002788
2.224049	-5.453045	4.398629	0.003009
3.459780	-6.037922	4.629698	-0.132069
6.432816	-5.520227	0.129421	-0.132123
1.143879	-8.436621	2.794982	0.459050
3.291536	-5.692408	1.492375	0.459073
4.260193	-5.840862	3.918300	-0.063828
6.002666	-6.661718	4.296195	-0.129565
1.195299	-6.610324	1.024110	0.145021
0.843134	-9.491605	2.706344	0.118276
1.961764	-8.245474	2.093456	0.116518
1.511801	-8.267957	3.818879	0.191139
2.616405	-7.063543	6.662165	0.409933
1.363537	-6.481103	6.412792	-0.330924
3.696806	-6.860342	5.751520	-0.164117
0.555531	-6.688171	7.114463	-0.474632
2.950147	-2.873464	-6.629850	0.387703
1.749456	-2.747041	-5.864626	-0.385934
0.631006	-3.551308	-6.190696	-0.075827
2.907288	-3.568494	-7.475413	-0.133127
0.728392	-4.268820	-7.006733	0.121919
3.119259	-0.406391	-9.760538	0.318688
3.043578	-1.143754	-8.965618	-0.086976
0.682079	-0.667908	-8.348896	-0.500247
0.874697	-1.685629	-8.722260	-0.502413
1.381667	-0.466661	-7.524045	-0.398354
8.017643	-0.310545	-5.707331	0.003009
6.781912	-0.895422	-5.938399	-0.118678
6.544886	-1.717842	-7.060221	-0.164091
5.253101	-2.380607	-7.328024	-0.155454
4.133035	-2.206585	-6.441745	-0.195648
5.155642	-3.120572	-8.374072	-0.003455
1.575461	-1.812063	-4.813990	-0.377281
8.844679	-5.031494	-0.489055	-0.202549
1.592409	-4.723983	-2.466348	0.093412
1.426787	-3.786587	-1.409730	0.099589
3.879889	-3.943948	-2.827118	0.464799
5.981499	-0.698362	-5.227001	-0.089483
4.239026	-1.519218	-5.604896	-0.129575
2.399961	-1.158729	-4.525869	0.163194
2.254950	-3.149648	-1.109162	0.083237
9.046393	-1.467824	-2.332811	0.146106
3.579144	-2.888974	-2.915756	0.037613
4.697774	-4.135095	-3.528643	0.118303
8.279928	-3.102974	-3.402157	0.116511
4.247811	-4.112612	-1.803221	0.192912
2.766304	-4.828376	-3.140820	0.203462
4.889289	-0.174536	-2.348767	-0.004935
6.142145	-0.756976	-2.099393	0.103953
3.808876	-0.377727	-1.438122	0.104000
6.334775	-1.553488	-0.980359	0.094397
6.950156	-0.549908	-2.801076	-0.011723
4.045902	-1.200157	-0.316299	-0.011697
5.281633	-1.785023	-0.085231	0.047754
7.312419	-1.999445	-0.790602	0.047766
2.153279	-1.921043	3.273333	0.419301
3.406135	-1.338603	3.522706	-0.330896
3.598765	-0.542091	4.641740	-0.324239
2.545623	-0.310545	5.536868	0.003009
1.309892	-0.895422	5.305800	-0.118678
1.072866	-1.717842	4.183978	-0.164091
7.724601	-4.857462	0.397224	-0.155549
8.397436	-2.747041	5.379573	-0.385934
7.278986	-3.551308	5.053503	-0.075827
4.214141	-1.545671	2.821035	-0.474586
4.576409	-0.096134	4.831497	-0.477317
2.075217	-4.815170	3.527879	0.041191
5.250726	-4.088431	5.422571	0.122752
7.376372	-4.268820	4.237466	0.121919
6.501166	-4.232627	2.064862	0.191127
1.004516	-3.005452	2.248536	0.202221
5.509813	-4.563269	2.145798	0.081289
1.995869	-2.674799	2.167600	0.081518
7.822060	-4.117507	1.443272	-0.003485
3.245489	-1.397207	0.395099	0.049809
5.430465	-2.422899	0.785520	0.068025
1.503016	-0.576351	0.017204	0.070638
7.330059	-0.667908	2.895303	-0.500247
7.522677	-1.685629	2.521939	-0.502413
6.310395	-0.627755	3.289288	-0.502420
8.029647	-0.466661	3.720154	-0.398354
7.031229	-1.689178	7.105760	0.050639
5.913273	-2.514086	6.779746	0.093402
6.078895	-3.451492	5.723129	-0.071260
4.594049	-1.427671	8.517402	-0.383029
3.625793	-3.294121	7.140516	0.464775
0.509479	-0.698362	6.017198	-0.089483
4.786667	-0.409940	8.144038	0.132027
3.574373	-1.467824	8.911388	0.146106
3.926550	-4.349105	7.229154	0.037618
2.807908	-3.102974	7.842042	0.116511
3.257871	-3.125468	6.116619	0.192884
4.739378	-2.409693	7.454218	0.203484
0.670125	-0.756976	9.144806	0.103953
0.862755	-1.553488	10.263840	0.094397
1.478136	-0.549908	8.443123	-0.011723
0.643565	2.269036	-5.923050	0.371435
1.844256	2.395459	-6.688274	-0.386028
2.018252	3.330437	-7.738910	0.058771
3.210464	3.453322	-8.414461	0.050521
2.962706	1.591192	-6.362204	-0.389617
1.193763	3.983771	-8.027031	0.163220
2.001303	0.418517	-10.086552	-0.086945
0.827408	0.314124	-9.412080	-0.088440
6.642927	4.600409	-5.950441	-0.002788
4.328419	2.628414	-8.088447	0.099468
4.162797	1.691008	-7.031830	-0.071303
5.665283	5.046366	-6.140198	0.041869
4.990966	1.054069	-6.731272	0.122772
6.983821	2.017043	-7.425320	0.191139
0.474454	4.736109	-2.792362	0.058838
0.686436	1.574006	-5.077487	0.164922
0.550147	3.998746	-3.587282	0.085790
2.212057	4.675839	-5.028856	0.144981
8.088425	3.221457	-4.582034	0.409933
6.835557	3.803897	-4.831407	-0.330924
3.906917	3.589012	-0.328342	-0.324230
4.960059	3.357477	-1.223470	-0.002713
6.195790	3.942343	-0.992402	-0.118667
2.911634	4.474592	-4.204004	-0.389552
6.027551	3.596829	-4.129736	-0.474632
2.929273	3.143055	-0.518099	-0.477310
4.811227	2.719601	-2.094221	0.041934
8.166475	0.327330	-4.836580	0.041261
6.996203	3.745293	-1.703800	-0.089385
8.738676	4.566149	-1.325905	-0.063776
2.865332	0.873680	-5.546167	0.133471
2.719015	3.456871	-3.830640	0.133460
3.931309	4.514745	-4.597989	0.146087
8.245823	2.467701	-3.476302	0.081537
4.731879	0.579231	-3.454499	0.094415
2.517091	0.285038	-1.705925	-0.017722
3.740526	0.909873	-3.373563	-0.017740
1.397025	0.111006	-0.819646	0.049815
2.419632	1.024993	-2.751973	0.068033
7.986736	1.992852	-0.199528	-0.088493
5.352415	4.967964	1.040066	0.419315
4.099547	4.385524	0.790692	0.409963
1.170907	4.600409	5.293758	-0.002788
2.224049	4.831955	4.398629	0.003009
3.459780	4.247078	4.629698	-0.132069
6.432816	4.764773	0.129421	-0.132123
6.108669	2.935915	5.133044	-0.195711
7.291545	2.269036	5.321149	0.371435
8.492236	2.395459	4.555925	-0.386028
8.666232	3.330437	3.505289	0.058771
1.143879	1.848379	2.794982	0.459050
3.291536	4.592592	1.492375	0.459073
4.260193	4.444138	3.918300	-0.063828
6.002666	3.623282	4.296195	-0.129565
7.841743	3.983771	3.217168	0.163220
1.195299	3.674676	1.024110	0.145021
0.843134	0.793395	2.706344	0.118276
1.961764	2.039526	2.093456	0.116518
1.511801	2.017043	3.818879	0.191139
8.814917	1.355913	0.101029	0.323351
8.649283	0.418517	1.157647	-0.086945
7.475388	0.314124	1.832119	-0.088440
6.361803	1.198552	1.518417	-0.500234
6.662560	2.253526	1.607055	-0.398347
5.543918	1.007405	2.219942	-0.390946
5.993881	1.029888	0.494520	-0.390853
2.616405	3.221457	6.662165	0.409933
1.363537	3.803897	6.412792	-0.330924
3.696806	3.424658	5.751520	-0.164117
4.988591	2.761893	6.019323	-0.202622
0.555531	3.596829	7.114463	-0.474632
2.694455	0.327330	6.407619	0.041261
1.524183	3.745293	9.540399	-0.089385
7.334416	1.574006	6.166712	0.164922
3.765156	2.137048	7.686962	0.202244
2.773803	2.467701	7.767897	0.081537
5.086050	2.021928	7.065371	-0.004915
2.950147	7.411536	-6.629850	0.387703
1.749456	7.537959	-5.864626	-0.385934
0.631006	6.733692	-6.190696	-0.075827
0.728392	6.016180	-7.006733	0.121919
1.575461	8.472937	-4.813990	-0.377281
8.844679	5.253506	-0.489055	-0.202549
1.592409	5.561017	-2.466348	0.093412
1.426787	6.498413	-1.409730	0.099589
3.879889	6.341052	-2.827118	0.464799
2.254950	7.135352	-1.109162	0.083237
3.579144	7.396026	-2.915756	0.037613
4.697774	6.149905	-3.528643	0.118303
4.247811	6.172388	-1.803221	0.192912
2.766304	5.456624	-3.140820	0.203462
4.045902	9.084843	-0.316299	-0.011697
5.281633	8.499977	-0.085231	0.047754
2.153279	8.363957	3.273333	0.419301
3.406135	8.946397	3.522706	-0.330896
1.072866	8.567158	4.183978	-0.164091
7.724601	5.427538	0.397224	-0.155549
4.214141	8.739329	2.821035	-0.474586
2.075217	5.469830	3.527879	0.041191
5.250726	6.196569	5.422571	0.122752
7.376372	6.016180	4.237466	0.121919
6.501166	6.052373	2.064862	0.191127
1.004516	7.279548	2.248536	0.202221
5.509813	5.721731	2.145798	0.081289
1.995869	7.610201	2.167600	0.081518
7.822060	6.167493	1.443272	-0.003485
3.245489	8.887793	0.395099	0.049809
5.430465	7.862101	0.785520	0.068025
1.503016	9.708649	0.017204	0.070638
3.926550	5.935895	7.229154	0.037618
3.257871	7.159532	6.116619	0.192884
9.767239	-0.406391	1.483661	0.318688
9.691558	-1.143754	2.278581	-0.086976
9.237176	2.137048	-3.557237	0.202244
10.014996	1.455739	-0.568597	0.071203
10.112382	2.173251	-1.384633	0.323415
