-11.402602	-9.301057	-1.166295	0.294280
-12.577226	-7.081440	-0.880986	0.327165
-11.265519	-8.787201	1.852331	-0.400382
-12.076822	-8.501471	1.165779	0.295764
-11.387234	-6.945246	3.000855	0.340481
-14.305547	-2.331751	-3.601648	-0.313370
-12.632734	-0.635390	-7.291812	-0.325345
-12.215442	-3.082017	-1.851254	-0.399297
-12.590084	-3.954744	-2.867624	-0.117796
-13.638957	-3.603398	-3.768710	-0.323123
-13.904058	-1.453113	-2.551344	-0.115514
-12.229232	-1.512711	-6.240357	-0.111174
-12.875571	-1.827213	-1.692554	-0.403783
-11.402399	-3.366180	-1.166089	0.296110
-12.088529	-4.924210	-3.001194	0.340144
-14.417331	-0.486947	-2.437064	0.390437
-12.740951	-2.479423	-6.123954	0.391562
-12.577225	-1.146124	-0.880676	0.328490
-11.265519	-2.852301	1.852331	-0.400804
-12.941106	-0.115173	5.539162	-0.400693
-12.563076	-0.986024	6.557065	-0.118865
-11.251443	-4.422331	6.240357	-0.124162
-14.552075	-1.140332	1.993643	-0.404152
-12.279815	-4.795518	5.379591	-0.398795
-13.078260	-5.536182	2.520624	0.293961
-12.076822	-2.566571	1.165779	0.295940
-13.752489	-0.400879	4.852684	0.295733
-13.764335	-3.978508	0.685844	0.339359
-11.387234	-1.010346	3.000855	0.340730
-13.062881	-1.957081	6.687819	0.340743
-14.252888	-1.820922	2.805978	0.327504
-12.576777	-4.114441	4.566769	0.327056
-11.510597	-0.635485	7.457001	-0.313806
-11.616519	-2.477666	8.624388	0.394234
-11.855654	2.479399	-8.623813	0.391075
-11.963941	0.635438	-7.455836	-0.321650
-14.043007	1.454775	-4.820475	-0.112163
-13.531292	0.488039	-4.936834	0.391713
-12.215715	2.853179	-1.851342	-0.394035
-12.590496	1.980535	-2.867786	-0.119115
-13.639541	2.332048	-3.768976	-0.324568
-13.904888	4.480137	-2.553408	-0.109303
-12.229232	4.422189	-6.240357	-0.110526
-12.876392	4.107805	-1.693365	-0.404888
-11.402602	2.568743	-1.166295	0.294280
-12.088679	1.011046	-3.001105	0.339667
-12.740951	3.455477	-6.123954	0.390788
-12.577226	4.788360	-0.880986	0.327165
-13.891366	0.114259	1.835562	-0.394400
-11.265519	3.082599	1.852331	-0.400382
-14.266138	0.986915	0.819134	-0.119909
-11.251443	1.512569	6.240357	-0.123185
-12.279815	1.139382	5.379591	-0.399180
-13.078260	0.398718	2.520624	0.293935
-12.076822	3.368329	1.165779	0.295764
-13.764335	1.956392	0.685844	0.339327
-11.387234	4.924554	3.000855	0.340481
-12.576777	1.820459	4.566769	0.327028
-11.510597	5.299415	7.457001	-0.317296
-11.616519	3.457234	8.624388	0.394368
-11.402399	8.503620	-1.166089	0.296110
-12.088529	6.945590	-3.001194	0.340144
-11.265519	9.017499	1.852331	-0.400804
-11.251443	7.447469	6.240357	-0.124162
-13.078260	6.333618	2.520624	0.293961
-1.758292	-11.984047	-1.835503	-0.392045
-1.383491	-12.856726	-0.819104	-0.121407
-6.073837	-13.324693	-2.553423	-0.123111
-5.045401	-13.697868	-1.692731	-0.398989
-3.369745	-13.009182	-5.379680	-0.398440
-2.571333	-12.268507	-2.520639	0.293522
-0.210794	-12.878472	-4.372424	0.335493
-1.885267	-13.826228	-0.685873	0.338683
-6.589589	-12.359595	-2.436444	0.394313
-4.748468	-13.016803	-0.879879	0.326597
-3.072812	-13.690236	-4.566828	0.325382
-5.109541	-11.984059	5.538291	-0.394429
-3.059125	-13.850335	2.867830	-0.120190
-0.334354	-12.505238	0.081953	-0.320688
-2.010023	-14.201824	3.768932	-0.323775
-8.159236	-12.505321	0.083030	-0.317633
-6.721077	-13.009170	1.994263	-0.400291
-5.922647	-12.268518	4.853230	0.293997
-3.560916	-12.880834	3.001061	0.339117
-1.606535	-13.324539	4.820416	-0.109694
-0.578133	-13.696918	5.680563	-0.404092
-0.442640	-14.349199	1.249930	0.390705
-2.118294	-12.357839	4.936908	0.391089
-0.278931	-13.016328	6.492898	0.326961
-1.032791	-9.017499	-9.226214	-0.400293
-6.238509	-6.050073	-9.208575	-0.400953
-4.184857	-7.916326	-11.877547	-0.119351
-1.410841	-9.888374	-10.244073	-0.119368
-5.860479	-6.920924	-8.190672	-0.118338
-4.139058	-11.234279	-7.456913	-0.314855
-3.132302	-8.266841	-10.977743	-0.316570
-2.463411	-9.537859	-11.143877	-0.316163
-4.548846	-10.357231	-8.507380	-0.123185
-2.722472	-7.389758	-9.927336	-0.122787
-0.018480	-7.074270	-12.753474	-0.399260
-1.694138	-7.762980	-9.066555	-0.398642
-8.051330	-9.301057	-8.540208	0.294171
-0.221473	-9.303229	-8.539662	0.295859
-7.049892	-6.335779	-9.895053	0.295714
-4.684637	-6.945246	-11.746882	0.340481
-6.360284	-7.891981	-8.059918	0.340753
-4.033084	-9.392157	-8.624418	0.394672
-3.238268	-6.424707	-9.810224	0.394684
-9.225934	-7.081428	-8.254839	0.326992
-1.397176	-7.081903	-8.253733	0.326581
-0.082580	-8.788079	-5.522541	-0.393045
-1.758292	-6.049147	-1.835503	-0.392724
-2.708438	-11.754639	-5.539250	-0.398957
-7.914167	-8.787154	-5.521656	-0.400822
-4.384128	-9.017535	-1.852227	-0.401148
-9.589857	-6.050061	-1.834633	-0.402812
-1.383491	-6.921826	-0.819104	-0.120565
-3.086481	-10.883764	-6.557124	-0.120419
-7.536144	-7.916326	-4.503738	-0.118722
-4.762166	-9.888374	-2.870146	-0.118468
-9.211814	-6.920924	-0.816759	-0.116042
-7.490294	-11.234315	-0.083148	-0.314721
-6.483652	-8.266865	-3.603831	-0.315310
-5.814658	-9.537835	-3.770052	-0.315263
-4.808000	-6.570385	-7.290736	-0.317296
-0.069078	-10.357089	-1.133526	-0.109505
-7.900145	-10.357208	-1.133511	-0.122377
-6.073837	-7.389793	-2.553423	-0.123894
-6.224473	-10.414907	-4.820460	-0.123572
-4.398166	-7.447480	-6.240372	-0.123742
-1.097559	-10.729456	-1.993570	-0.404565
-11.200751	-7.075244	-5.380314	-0.403264
-8.928550	-10.730418	-1.994204	-0.397934
-5.045401	-7.762968	-1.692731	-0.399022
-7.252909	-10.041732	-5.681153	-0.398698
-3.369745	-7.074282	-5.379680	-0.398048
-0.895708	-8.503643	-6.207588	0.293919
-2.571333	-6.333607	-2.520639	0.294071
-1.897120	-11.468921	-4.852699	0.296448
-8.725543	-8.501471	-6.208148	0.295802
-3.572752	-9.303229	-1.165735	0.295965
-10.401175	-6.335779	-2.521185	0.295363
-0.209631	-6.945946	-4.372778	0.338701
-1.885267	-7.891328	-0.685873	0.338713
-2.586703	-9.912684	-6.687819	0.339978
-8.035940	-6.945257	-4.372969	0.340620
-4.262354	-10.859431	-3.000914	0.340551
-9.711592	-7.892004	-0.686065	0.340526
-7.384373	-9.392134	-1.250534	0.394629
-6.589589	-6.424695	-2.436444	0.394413
-5.708722	-11.380005	-4.937439	0.394369
-4.913922	-8.412566	-6.123349	0.394368
-1.396725	-10.048890	-2.805949	0.326441
-10.901570	-7.755810	-4.567935	0.326686
-9.225483	-10.049353	-2.807055	0.326404
-4.748468	-7.081903	-0.879879	0.326543
-7.549842	-10.722797	-6.494004	0.326606
-3.072812	-7.755336	-4.566828	0.325885
-3.433932	-8.788127	1.851446	-0.393800
-5.109541	-6.049159	5.538291	-0.394036
-6.059786	-11.754627	1.834692	-0.400025
-7.735388	-9.017499	5.521523	-0.400293
-3.059125	-7.915435	2.867830	-0.120013
-4.734754	-6.921815	6.554720	-0.119052
-6.437831	-10.883776	0.816789	-0.120340
-10.887454	-7.916326	2.870190	-0.119351
-8.113438	-9.888374	4.503664	-0.119368
-0.334354	-6.570338	0.081953	-0.325587
-2.010023	-8.266924	3.768932	-0.323678
-8.159236	-6.570421	0.083030	-0.316692
-9.834899	-8.266841	3.769994	-0.316570
-9.166008	-9.537859	3.603860	-0.316163
-3.420399	-10.357113	6.240357	-0.110907
-1.744757	-10.415061	2.553438	-0.110034
-7.749449	-7.447469	1.133496	-0.122815
-9.425069	-7.389758	4.820401	-0.122787
-9.575823	-10.414942	2.553453	-0.122904
-4.448817	-10.729456	5.380210	-0.404392
-2.773159	-10.042682	1.693291	-0.403904
-6.721077	-7.074270	1.994263	-0.399260
-8.396735	-7.762980	5.681182	-0.398642
-10.604156	-10.041720	1.692672	-0.398551
-4.246964	-8.503643	1.166325	0.294103
-5.922647	-6.333618	4.853230	0.293970
-5.248403	-11.468909	2.521170	0.295687
-6.924070	-9.303229	6.208075	0.295859
-3.560916	-6.945934	3.001061	0.339056
-5.236572	-7.891292	6.688010	0.339357
-5.938026	-9.912719	0.686035	0.340799
-7.613673	-10.859454	4.372999	0.340413
-2.908651	-9.390401	6.123924	0.391075
-1.233013	-11.381749	2.436946	0.391023
-8.265211	-8.412543	1.250534	0.394627
-9.940865	-6.424707	4.937513	0.394684
-9.060027	-11.379993	2.436341	0.394721
-4.748004	-10.048878	4.567876	0.327535
-3.072361	-10.723260	0.880956	0.326882
-6.424131	-7.755347	2.807084	0.327076
-8.099773	-7.081903	6.494004	0.326581
-0.292167	-9.889265	4.506024	-0.120324
-3.016938	-11.234362	7.291901	-0.321650
-1.341284	-9.537776	3.604922	-0.323236
-1.606535	-7.389639	4.820416	-0.109785
-0.578133	-7.762018	5.680563	-0.404183
-0.442640	-8.414299	1.249930	0.390909
-2.118294	-6.422939	4.936908	0.391110
-0.278931	-7.081428	6.492898	0.326992
-6.785177	-8.788079	9.225196	-0.393045
-6.410419	-7.915424	10.241654	-0.121686
-5.361367	-8.266948	11.142830	-0.319208
-3.685731	-6.570290	7.455925	-0.323878
-6.124516	-10.042705	9.067218	-0.404661
-7.598305	-8.503643	8.540149	0.293919
-6.912228	-6.945946	10.374959	0.338701
-6.423666	-10.723260	8.254839	0.327039
-0.642854	-6.050061	12.913104	-0.402812
-1.967823	-10.882874	8.192973	-0.118962
-3.282229	-7.447611	8.507380	-0.110526
-2.253748	-7.075244	9.367423	-0.403264
-1.454172	-6.335779	12.226552	0.295363
-1.466025	-9.913372	8.059727	0.338930
-5.469599	-6.422939	12.310688	0.390140
-3.793948	-8.414323	8.623783	0.390788
-1.954567	-7.755810	10.179802	0.326686
-8.864363	-3.081673	-9.225329	-0.393567
-4.562922	-2.852301	-12.895406	-0.400804
-1.032791	-3.082599	-9.226214	-0.397581
-6.238509	-0.115173	-9.208575	-0.400693
-9.239170	-3.954365	-10.241713	-0.120206
-4.184857	-1.981426	-11.877547	-0.118149
-1.410841	-3.953474	-10.244073	-0.123036
-5.860479	-0.986024	-8.190672	-0.118865
-1.456639	-0.635521	-14.664707	-0.317633
-3.132302	-2.331941	-10.977743	-0.316295
-2.463411	-3.602959	-11.143877	-0.316455
-4.139058	-5.299379	-7.456913	-0.314256
-10.553538	-1.454739	-9.927321	-0.109694
-1.046852	-1.512569	-13.614241	-0.121007
-2.722472	-1.454858	-9.927336	-0.123142
-2.873226	-4.480042	-12.194284	-0.122586
-4.548846	-4.422331	-8.507380	-0.124162
-9.525136	-1.827118	-9.067174	-0.404092
-0.018480	-1.139370	-12.753474	-0.400291
-1.694138	-1.828080	-9.066555	-0.396803
-3.901559	-4.106820	-13.055065	-0.400284
-5.577218	-4.795518	-9.368146	-0.398795
-8.051330	-3.366157	-8.540208	0.294148
-6.375663	-5.536182	-12.227113	0.293961
-5.374225	-2.566571	-13.581958	0.295940
-0.221473	-3.368329	-8.539662	0.295829
-7.049892	-0.400879	-9.895053	0.295733
-8.737378	-4.923866	-10.374944	0.339031
-4.684637	-1.010346	-11.746882	0.340730
-0.911076	-4.924554	-10.374738	0.339999
-6.360284	-1.957081	-8.059918	0.340743
-11.065297	-0.488039	-9.810829	0.391089
-1.562614	-2.477643	-13.497203	0.395106
-3.238268	-0.489807	-9.810224	0.394368
-2.357430	-5.445093	-12.311396	0.395115
-4.033084	-3.457257	-8.624418	0.394461
-7.550291	-1.820922	-11.941759	0.327504
-9.225934	-1.146528	-8.254839	0.326961
-1.397176	-1.147003	-8.253733	0.326174
-5.874180	-4.114441	-10.180968	0.327056
-0.073234	-2.855482	-5.511908	-0.385427
-1.758292	-0.114247	-1.835503	-0.392045
-10.540019	-5.820653	-5.538380	-0.395003
-7.914167	-2.852254	-5.521656	-0.400674
-4.384128	-3.082635	-1.852227	-0.401115
-9.589857	-0.115161	-1.834633	-0.400255
-2.708438	-5.819739	-5.539250	-0.401750
-1.383491	-0.986926	-0.819104	-0.121407
-10.914826	-4.947974	-6.554764	-0.118306
-7.536144	-1.981426	-4.503738	-0.118625
-4.762166	-3.953474	-2.870146	-0.118711
-9.211814	-0.986024	-0.816759	-0.123013
-3.086481	-4.948864	-6.557124	-0.116796
-6.483652	-2.331965	-3.603831	-0.315580
-5.814658	-3.602935	-3.770052	-0.315306
-4.808000	-0.635485	-7.290736	-0.313806
-7.490294	-5.299415	-0.083148	-0.317216
-0.069078	-4.422189	-1.133526	-0.106745
-6.073837	-1.454893	-2.553423	-0.123111
-6.224473	-4.480007	-4.820460	-0.123786
-4.398166	-1.512580	-6.240372	-0.125559
-7.900145	-4.422308	-1.133511	-0.122890
-11.200751	-1.140344	-5.380314	-0.404728
-1.097559	-4.794556	-1.993570	-0.403807
-5.045401	-1.828068	-1.692731	-0.398989
-7.252909	-4.106832	-5.681153	-0.398915
-3.369745	-1.139382	-5.379680	-0.398440
-8.928550	-4.795518	-1.994204	-0.399138
-0.885386	-2.572257	-6.198828	0.296161
-2.571333	-0.398707	-2.520639	0.293522
-9.726977	-5.536193	-4.853244	0.294716
-8.725543	-2.566571	-6.208148	0.295930
-3.572752	-3.368329	-1.165735	0.295757
-10.401175	-0.400879	-2.521185	0.296485
-1.897120	-5.534021	-4.852699	0.296038
-0.210794	-1.008672	-4.372424	0.335493
-1.885267	-1.956428	-0.685873	0.338683
-10.413028	-3.978472	-6.688010	0.338771
-8.035940	-1.010357	-4.372969	0.340484
-4.262354	-4.924531	-3.000914	0.340618
-9.711592	-1.957104	-0.686065	0.341596
-2.586703	-3.977784	-6.687819	0.339810
-6.589589	-0.489795	-2.436444	0.394313
-5.708722	-5.445105	-4.937439	0.394447
-4.913922	-2.477666	-6.123349	0.394234
-7.384373	-3.457234	-1.250534	0.394855
-10.901570	-1.820910	-4.567935	0.327799
-1.396725	-4.113990	-2.805949	0.325742
-4.748468	-1.147003	-0.879879	0.326597
-7.549842	-4.787897	-6.494004	0.326579
-3.072812	-1.820436	-4.566828	0.325382
-9.225483	-4.114453	-2.807055	0.327233
-3.433932	-2.853227	1.851446	-0.393601
-5.109541	-0.114259	5.538291	-0.394429
-7.735388	-3.082599	5.521523	-0.397581
-6.059786	-5.819727	1.834692	-0.400746
-3.059125	-1.980535	2.867830	-0.120190
-4.734754	-0.986915	6.554720	-0.119379
-10.887454	-1.981426	2.870190	-0.118149
-8.113438	-3.953474	4.503664	-0.123036
-6.437831	-4.948876	0.816789	-0.118783
-0.334354	-0.635438	0.081953	-0.320688
-2.010023	-2.332024	3.768932	-0.323775
-8.159236	-0.635521	0.083030	-0.317633
-9.834899	-2.331941	3.769994	-0.316295
-9.166008	-3.602959	3.603860	-0.316455
-10.841655	-5.299379	7.290824	-0.314256
-1.744757	-4.480161	2.553438	-0.109728
-3.420399	-4.422213	6.240357	-0.110419
-7.749449	-1.512569	1.133496	-0.121007
-9.425069	-1.454858	4.820401	-0.123142
-9.575823	-4.480042	2.553453	-0.122586
-2.773159	-4.107782	1.693291	-0.404069
-4.448817	-4.794556	5.380210	-0.404583
-6.721077	-1.139370	1.994263	-0.400291
-8.396735	-1.828080	5.681182	-0.396803
-10.604156	-4.106820	1.692672	-0.400284
-4.246964	-2.568743	1.166325	0.294128
-5.922647	-0.398718	4.853230	0.293997
-6.924070	-3.368329	6.208075	0.295829
-5.248403	-5.534009	2.521170	0.295645
-3.560916	-1.011034	3.001061	0.339117
-5.236572	-1.956392	6.688010	0.339228
-7.613673	-4.924554	4.372999	0.339999
-5.938026	-3.977819	0.686035	0.340747
-1.233013	-5.446849	2.436946	0.391076
-2.908651	-3.455501	6.123924	0.390992
-8.265211	-2.477643	1.250534	0.395106
-9.940865	-0.489807	4.937513	0.394368
-9.060027	-5.445093	2.436341	0.395115
-10.735681	-3.457257	6.123319	0.394461
-3.072361	-4.788360	0.880956	0.326902
-4.748004	-4.113978	4.567876	0.327484
-6.424131	-1.820447	2.807084	0.327024
-8.099773	-1.147003	6.494004	0.326174
-10.901118	-4.787897	0.879850	0.326943
-0.292167	-3.954365	4.506024	-0.120206
-1.341284	-3.602876	3.604922	-0.323517
-3.016938	-5.299462	7.291901	-0.323351
-1.606535	-1.454739	4.820416	-0.109694
-0.578133	-1.827118	5.680563	-0.404092
-0.442640	-2.479399	1.249930	0.390705
-2.118294	-0.488039	4.936908	0.391089
-0.278931	-1.146528	6.492898	0.326961
-6.775831	-2.855482	9.235829	-0.385427
-9.411035	-5.819739	9.208487	-0.401750
-6.407414	-1.976761	10.247613	-0.125643
-9.789078	-4.948864	8.190613	-0.116796
-5.358544	-2.331751	11.146089	-0.313370
-3.685731	-0.635390	7.455925	-0.325345
-5.093334	-4.482796	9.928309	-0.108828
-11.100763	-1.512580	8.507365	-0.125559
-6.121356	-4.111580	9.068015	-0.408306
-10.072342	-1.139382	9.368057	-0.398440
-7.587983	-2.572257	8.548909	0.296161
-8.599717	-5.534021	9.895038	0.296038
-6.913391	-1.008672	10.375313	0.335493
-9.289300	-3.977784	8.059918	0.339810
-4.582530	-5.449591	9.810888	0.388308
-6.424022	-4.789179	8.253866	0.325933
-9.775409	-1.820436	10.180909	0.325382
-3.268439	-3.082017	12.896483	-0.399297
-1.593016	-5.820653	9.209357	-0.395003
-0.642854	-0.115161	12.913104	-0.400255
-3.643081	-3.954744	11.880113	-0.117796
-1.967823	-4.947974	8.192973	-0.118306
-0.264811	-0.986024	13.930978	-0.123013
-4.691954	-3.603398	10.979027	-0.323123
-4.957055	-1.453113	12.196393	-0.115514
-3.282229	-1.512711	8.507380	-0.111174
-3.928568	-1.827213	13.055183	-0.403783
-2.253748	-1.140344	9.367423	-0.404728
-2.455396	-3.366180	13.581648	0.296110
-0.779974	-5.536193	9.894493	0.294716
-1.454172	-0.400879	12.226552	0.296485
-3.141526	-4.924210	11.746543	0.340144
-1.466025	-3.978472	8.059727	0.338771
-0.764589	-1.957104	14.061672	0.341596
-5.470328	-0.486947	12.310673	0.390437
-3.793948	-2.479423	8.623783	0.391562
-3.630222	-1.146124	13.867061	0.328490
-1.954567	-1.820910	10.179802	0.327799
-0.278480	-4.114453	11.940682	0.327233
-0.787697	0.635485	-14.830885	-0.314721
-7.188769	0.114259	-12.912175	-0.394400
-8.864363	2.853227	-9.225329	-0.393541
-4.562922	3.082599	-12.895406	-0.400382
-1.032791	2.852301	-9.226214	-0.400293
-6.238509	5.819727	-9.208575	-0.400953
-9.239170	1.980535	-10.241713	-0.120324
-4.184857	3.953474	-11.877547	-0.119351
-1.410841	1.981426	-10.244073	-0.119368
-5.860479	4.948876	-8.190672	-0.118338
-4.139058	0.635521	-7.456913	-0.314855
-3.132302	3.602959	-10.977743	-0.316570
-2.463411	2.331941	-11.143877	-0.316163
-4.548846	1.512569	-8.507380	-0.123185
-1.046852	4.422331	-13.614241	-0.122815
-2.722472	4.480042	-9.927336	-0.122787
-2.873226	1.454858	-12.194284	-0.122904
-9.525136	4.107782	-9.067174	-0.404183
-5.577218	1.139382	-9.368146	-0.399180
-0.018480	4.795530	-12.753474	-0.399260
-1.694138	4.106820	-9.066555	-0.398642
-3.901559	1.828080	-13.055065	-0.398551
-6.375663	0.398718	-12.227113	0.293935
-8.051330	2.568743	-8.540208	0.294171
-0.221473	2.566571	-8.539662	0.295859
-7.049892	5.534021	-9.895053	0.295714
-8.737378	1.011034	-10.374944	0.339092
-4.684637	4.924554	-11.746882	0.340481
-0.911076	1.010346	-10.374738	0.340413
-6.360284	3.977819	-8.059918	0.340753
-4.033084	2.477643	-8.624418	0.394672
-1.562614	3.457257	-13.497203	0.394627
-3.238268	5.445093	-9.810224	0.394684
-2.357430	0.489807	-12.311396	0.394721
-7.550291	4.113978	-11.941759	0.327556
-9.225934	4.788372	-8.254839	0.326992
-5.874180	1.820459	-10.180968	0.327028
-1.397176	4.787897	-8.253733	0.326581
-4.198537	1.147003	-13.867887	0.326441
-10.540019	0.114247	-5.538380	-0.394056
-0.082580	3.081721	-5.522541	-0.393045
-1.758292	5.820653	-1.835503	-0.392724
-2.708438	0.115161	-5.539250	-0.398957
-7.914167	3.082646	-5.521656	-0.400822
-4.384128	2.852265	-1.852227	-0.401148
-9.589857	5.819739	-1.834633	-0.402812
-10.914826	0.986926	-6.554764	-0.118962
-1.383491	4.947974	-0.819104	-0.120565
-3.086481	0.986036	-6.557124	-0.120419
-7.536144	3.953474	-4.503738	-0.118722
-4.762166	1.981426	-2.870146	-0.118468
-9.211814	4.948876	-0.816759	-0.116042
-7.490294	0.635485	-0.083148	-0.314721
-6.483652	3.602935	-3.603831	-0.315310
-5.814658	2.331965	-3.770052	-0.315263
-4.808000	5.299415	-7.290736	-0.317296
-0.069078	1.512711	-1.133526	-0.109505
-7.900145	1.512592	-1.133511	-0.122377
-6.073837	4.480007	-2.553423	-0.123894
-6.224473	1.454893	-4.820460	-0.123572
-4.398166	4.422320	-6.240372	-0.123742
-1.097559	1.140344	-1.993570	-0.404565
-11.200751	4.794556	-5.380314	-0.403264
-8.928550	1.139382	-1.994204	-0.397934
-5.045401	4.106832	-1.692731	-0.399022
-7.252909	1.828068	-5.681153	-0.398698
-3.369745	4.795518	-5.379680	-0.398048
-9.726977	0.398707	-4.853244	0.294331
-0.895708	3.366157	-6.207588	0.293919
-2.571333	5.536193	-2.520639	0.294071
-1.897120	0.400879	-4.852699	0.296448
-8.725543	3.368329	-6.208148	0.295802
-3.572752	2.566571	-1.165735	0.295965
-10.401175	5.534021	-2.521185	0.295363
-10.413028	1.956428	-6.688010	0.338930
-0.209631	4.923854	-4.372778	0.338701
-1.885267	3.978472	-0.685873	0.338713
-2.586703	1.957116	-6.687819	0.339978
-8.035940	4.924543	-4.372969	0.340620
-4.262354	1.010369	-3.000914	0.340551
-9.711592	3.977796	-0.686065	0.340526
-7.384373	2.477666	-1.250534	0.394629
-6.589589	5.445105	-2.436444	0.394413
-5.708722	0.489795	-4.937439	0.394369
-4.913922	3.457234	-6.123349	0.394368
-1.396725	1.820910	-2.805949	0.326441
-10.901570	4.113990	-4.567935	0.326686
-9.225483	1.820447	-2.807055	0.326404
-4.748468	4.787897	-0.879879	0.326543
-7.549842	1.147003	-6.494004	0.326606
-3.072812	4.114464	-4.566828	0.325885
-3.433932	3.081673	1.851446	-0.393800
-5.109541	5.820641	5.538291	-0.394036
-6.059786	0.115173	1.834692	-0.400025
-7.735388	2.852301	5.521523	-0.400293
-3.059125	3.954365	2.867830	-0.120013
-4.734754	4.947985	6.554720	-0.119052
-6.437831	0.986024	0.816789	-0.120340
-10.887454	3.953474	2.870190	-0.119351
-8.113438	1.981426	4.503664	-0.119368
-0.334354	5.299462	0.081953	-0.325587
-2.010023	3.602876	3.768932	-0.323678
-10.841655	0.635521	7.290824	-0.314855
-8.159236	5.299379	0.083030	-0.316692
-9.834899	3.602959	3.769994	-0.316570
-9.166008	2.331941	3.603860	-0.316163
-3.420399	1.512687	6.240357	-0.110907
-1.744757	1.454739	2.553438	-0.110034
-7.749449	4.422331	1.133496	-0.122815
-9.425069	4.480042	4.820401	-0.122787
-9.575823	1.454858	2.553453	-0.122904
-4.448817	1.140344	5.380210	-0.404392
-2.773159	1.827118	1.693291	-0.403904
-6.721077	4.795530	1.994263	-0.399260
-8.396735	4.106820	5.681182	-0.398642
-10.604156	1.828080	1.692672	-0.398551
-4.246964	3.366157	1.166325	0.294103
-5.922647	5.536182	4.853230	0.293970
-5.248403	0.400891	2.521170	0.295687
-6.924070	2.566571	6.208075	0.295859
-3.560916	4.923866	3.001061	0.339056
-5.236572	3.978508	6.688010	0.339357
-5.938026	1.957081	0.686035	0.340799
-7.613673	1.010346	4.372999	0.340413
-2.908651	2.479399	6.123924	0.391075
-1.233013	0.488051	2.436946	0.391023
-10.735681	2.477643	6.123319	0.394672
-8.265211	3.457257	1.250534	0.394627
-9.940865	5.445093	4.937513	0.394684
-9.060027	0.489807	2.436341	0.394721
-4.748004	1.820922	4.567876	0.327535
-3.072361	1.146540	0.880956	0.326882
-6.424131	4.114453	2.807084	0.327076
-8.099773	4.787897	6.494004	0.326581
-10.901134	1.147003	0.879850	0.326441
-0.292167	1.980535	4.506024	-0.120324
-3.016938	0.635438	7.291901	-0.321650
-1.341284	2.332024	3.604922	-0.323236
-1.606535	4.480161	4.820416	-0.109785
-0.578133	4.107782	5.680563	-0.404183
-0.442640	3.455501	1.249930	0.390909
-2.118294	5.446861	4.936908	0.391110
-0.278931	4.788372	6.492898	0.326992
-6.785177	3.081721	9.225196	-0.393045
-9.411035	0.115161	9.208487	-0.398957
-6.410419	3.954376	10.241654	-0.121686
-9.789078	0.986036	8.190613	-0.120419
-5.361367	3.602852	11.142830	-0.319208
-3.685731	5.299510	7.455925	-0.323878
-5.096004	1.454775	9.927262	-0.112163
-11.100763	4.422320	8.507365	-0.123742
-6.124516	1.827095	9.067218	-0.404661
-10.072342	4.795518	9.368057	-0.398048
-7.598305	3.366157	8.540149	0.293919
-8.599717	0.400879	9.895038	0.296448
-6.912228	4.923854	10.374959	0.338701
-9.289300	1.957116	8.059918	0.339978
-4.584289	0.488039	9.810903	0.391713
-8.099322	1.820910	11.941788	0.326441
-6.423666	1.146540	8.254839	0.327039
-9.775409	4.114464	10.180909	0.325885
-1.593016	0.114247	9.209357	-0.394056
-3.268712	2.853179	12.896395	-0.394035
-0.642854	5.819739	12.913104	-0.402812
-1.967823	0.986926	8.192973	-0.118962
-3.643493	1.980535	11.879951	-0.119115
-0.264811	4.948876	13.930978	-0.116042
-4.692538	2.332048	10.978761	-0.324568
-4.957885	4.480137	12.194329	-0.109303
-3.282229	4.422189	8.507380	-0.110526
-3.929389	4.107805	13.054372	-0.404888
-2.253748	4.794556	9.367423	-0.403264
-0.779974	0.398707	9.894493	0.294331
-2.455599	2.568743	13.581442	0.294280
-1.454172	5.534021	12.226552	0.295363
-1.466025	1.956428	8.059727	0.338930
-3.141676	1.011046	11.746632	0.339667
-0.764589	3.977796	14.061672	0.340526
-5.469599	5.446861	12.310688	0.390140
-3.793948	3.455477	8.623783	0.390788
-1.954567	4.113990	10.179802	0.326686
-0.278480	1.820447	11.940682	0.326404
-1.032791	8.787201	-9.226214	-0.397581
-1.410841	7.916326	-10.244073	-0.123036
-5.860479	10.883776	-8.190672	-0.118865
-3.132302	9.537859	-10.977743	-0.316295
-2.463411	8.266841	-11.143877	-0.316455
-4.139058	6.570421	-7.456913	-0.314256
-2.722472	10.414942	-9.927336	-0.123142
-2.873226	7.389758	-12.194284	-0.122586
-4.548846	7.447469	-8.507380	-0.124162
-1.694138	10.041720	-9.066555	-0.396803
-5.577218	7.074282	-9.368146	-0.398795
-8.051330	8.503643	-8.540208	0.294148
-0.221473	8.501471	-8.539662	0.295829
-0.911076	6.945246	-10.374738	0.339999
-6.360284	9.912719	-8.059918	0.340743
-2.357430	6.424707	-12.311396	0.395115
-4.033084	8.412543	-8.624418	0.394461
-1.397176	10.722797	-8.253733	0.326174
-5.874180	7.755359	-10.180968	0.327056
-0.073234	9.014318	-5.511908	-0.385427
-1.758292	11.755553	-1.835503	-0.392045
-10.540019	6.049147	-5.538380	-0.395003
-7.914167	9.017546	-5.521656	-0.400674
-4.384128	8.787165	-1.852227	-0.401115
-2.708438	6.050061	-5.539250	-0.401750
-1.383491	10.882874	-0.819104	-0.121407
-10.914826	6.921826	-6.554764	-0.118306
-7.536144	9.888374	-4.503738	-0.118625
-4.762166	7.916326	-2.870146	-0.118711
-9.211814	10.883776	-0.816759	-0.123013
-3.086481	6.920936	-6.557124	-0.116796
-6.483652	9.537835	-3.603831	-0.315580
-5.814658	8.266865	-3.770052	-0.315306
-4.808000	11.234315	-7.290736	-0.313806
-7.490294	6.570385	-0.083148	-0.317216
-0.069078	7.447611	-1.133526	-0.106745
-6.073837	10.414907	-2.553423	-0.123111
-6.224473	7.389793	-4.820460	-0.123786
-4.398166	10.357220	-6.240372	-0.125559
-7.900145	7.447492	-1.133511	-0.122890
-1.097559	7.075244	-1.993570	-0.403807
-5.045401	10.041732	-1.692731	-0.398989
-7.252909	7.762968	-5.681153	-0.398915
-3.369745	10.730418	-5.379680	-0.398440
-8.928550	7.074282	-1.994204	-0.399138
-0.885386	9.297543	-6.198828	0.296161
-2.571333	11.471093	-2.520639	0.293522
-9.726977	6.333607	-4.853244	0.294716
-8.725543	9.303229	-6.208148	0.295930
-3.572752	8.501471	-1.165735	0.295757
-1.897120	6.335779	-4.852699	0.296038
-0.210794	10.861128	-4.372424	0.335493
-1.885267	9.913372	-0.685873	0.338683
-10.413028	7.891328	-6.688010	0.338771
-8.035940	10.859443	-4.372969	0.340484
-4.262354	6.945269	-3.000914	0.340618
-9.711592	9.912696	-0.686065	0.341596
-2.586703	7.892016	-6.687819	0.339810
-6.589589	11.380005	-2.436444	0.394313
-5.708722	6.424695	-4.937439	0.394447
-4.913922	9.392134	-6.123349	0.394234
-7.384373	8.412566	-1.250534	0.394855
-1.396725	7.755810	-2.805949	0.325742
-4.748468	10.722797	-0.879879	0.326597
-7.549842	7.081903	-6.494004	0.326579
-3.072812	10.049364	-4.566828	0.325382
-9.225483	7.755347	-2.807055	0.327233
-3.433932	9.016573	1.851446	-0.393601
-5.109541	11.755541	5.538291	-0.394429
-7.735388	8.787201	5.521523	-0.397581
-6.059786	6.050073	1.834692	-0.400746
-3.059125	9.889265	2.867830	-0.120190
-4.734754	10.882885	6.554720	-0.119379
-8.113438	7.916326	4.503664	-0.123036
-6.437831	6.920924	0.816789	-0.118783
-0.334354	11.234362	0.081953	-0.320688
-2.010023	9.537776	3.768932	-0.323775
-8.159236	11.234279	0.083030	-0.317633
-9.834899	9.537859	3.769994	-0.316295
-9.166008	8.266841	3.603860	-0.316455
-10.841655	6.570421	7.290824	-0.314256
-1.744757	7.389639	2.553438	-0.109728
-3.420399	7.447587	6.240357	-0.110419
-7.749449	10.357231	1.133496	-0.121007
-9.425069	10.414942	4.820401	-0.123142
-9.575823	7.389758	2.553453	-0.122586
-2.773159	7.762018	1.693291	-0.404069
-4.448817	7.075244	5.380210	-0.404583
-6.721077	10.730430	1.994263	-0.400291
-8.396735	10.041720	5.681182	-0.396803
-10.604156	7.762980	1.692672	-0.400284
-4.246964	9.301057	1.166325	0.294128
-5.922647	11.471082	4.853230	0.293997
-6.924070	8.501471	6.208075	0.295829
-5.248403	6.335791	2.521170	0.295645
-3.560916	10.858766	3.001061	0.339117
-5.236572	9.913408	6.688010	0.339228
-7.613673	6.945246	4.372999	0.339999
-5.938026	7.891981	0.686035	0.340747
-1.233013	6.422951	2.436946	0.391076
-2.908651	8.414299	6.123924	0.390992
-8.265211	9.392157	1.250534	0.395106
-9.060027	6.424707	2.436341	0.395115
-10.735681	8.412543	6.123319	0.394461
-3.072361	7.081440	0.880956	0.326902
-4.748004	7.755822	4.567876	0.327484
-6.424131	10.049353	2.807084	0.327024
-8.099773	10.722797	6.494004	0.326174
-10.901118	7.081903	0.879850	0.326943
-0.292167	7.915435	4.506024	-0.120206
-1.341284	8.266924	3.604922	-0.323517
-3.016938	6.570338	7.291901	-0.323351
-1.606535	10.415061	4.820416	-0.109694
-0.578133	10.042682	5.680563	-0.404092
-0.442640	9.390401	1.249930	0.390705
-2.118294	11.381761	4.936908	0.391089
-0.278931	10.723272	6.492898	0.326961
-6.775831	9.014318	9.235829	-0.385427
-9.411035	6.050061	9.208487	-0.401750
-9.789078	6.920936	8.190613	-0.116796
-3.685731	11.234410	7.455925	-0.325345
-5.093334	7.387004	9.928309	-0.108828
-6.121356	7.758220	9.068015	-0.408306
-7.587983	9.297543	8.548909	0.296161
-8.599717	6.335779	9.895038	0.296038
-9.289300	7.892016	8.059918	0.339810
-4.582530	6.420209	9.810888	0.388308
-6.424022	7.080621	8.253866	0.325933
-1.593016	6.049147	9.209357	-0.395003
-3.643081	7.915056	11.880113	-0.117796
-1.967823	6.921826	8.192973	-0.118306
-4.691954	8.266402	10.979027	-0.323123
-3.282229	10.357089	8.507380	-0.111174
-2.253748	10.729456	9.367423	-0.404728
-0.779974	6.333607	9.894493	0.294716
-3.141526	6.945590	11.746543	0.340144
-1.466025	7.891328	8.059727	0.338771
-3.793948	9.390377	8.623783	0.391562
-1.954567	10.048890	10.179802	0.327799
-0.278480	7.755347	11.940682	0.327233
-2.708438	11.984961	-5.539250	-0.398957
-3.086481	12.855836	-6.557124	-0.120419
-4.762166	13.851226	-2.870146	-0.118468
-7.490294	12.505285	-0.083148	-0.314721
-0.069078	13.382511	-1.133526	-0.109505
-1.097559	13.010144	-1.993570	-0.404565
-1.897120	12.270679	-4.852699	0.296448
-3.572752	14.436371	-1.165735	0.295965
-4.262354	12.880169	-3.000914	0.340551
-5.708722	12.359595	-4.937439	0.394369
-1.396725	13.690710	-2.805949	0.326441
-6.059786	11.984973	1.834692	-0.400025
-6.437831	12.855824	0.816789	-0.120340
-1.744757	13.324539	2.553438	-0.110034
-4.448817	13.010144	5.380210	-0.404392
-2.773159	13.696918	1.693291	-0.403904
-5.248403	12.270691	2.521170	0.295687
-1.233013	12.357851	2.436946	0.391023
-3.072361	13.016340	0.880956	0.326882
-0.292167	13.850335	4.506024	-0.120324
-3.016938	12.505238	7.291901	-0.321650
-1.341284	14.201824	3.604922	-0.323236
0.295183	-13.846561	-4.500124	-0.125643
1.344053	-14.201551	-3.601648	-0.313370
3.016866	-12.505190	-7.291812	-0.325345
6.059743	-11.984961	-1.834633	-0.400255
6.437786	-12.855824	-0.816759	-0.123013
1.745542	-13.322913	-2.551344	-0.115514
2.774029	-13.697013	-1.692554	-0.403783
4.448849	-13.010144	-5.380314	-0.404728
5.248425	-12.270679	-2.521185	0.296485
1.232269	-12.356747	-2.437064	0.390437
3.072375	-13.015924	-0.880676	0.328490
2.708494	-11.984973	5.539162	-0.400693
4.762146	-13.851226	2.870190	-0.118149
3.086524	-12.855824	6.557065	-0.118865
7.490364	-12.505321	0.083030	-0.317633
0.069092	-13.382487	1.133496	-0.110383
1.097525	-13.010132	1.993643	-0.404152
3.572778	-14.436371	1.165779	0.295940
1.897111	-12.270679	4.852684	0.295733
4.262366	-12.880146	3.000855	0.340730
5.708735	-12.359607	4.937513	0.394368
1.396712	-13.690722	2.805978	0.327504
1.593056	-6.049159	-9.209446	-0.394036
3.643472	-7.915435	-11.879907	-0.120013
1.967843	-6.921815	-8.193017	-0.119052
4.692574	-8.266924	-10.978805	-0.323678
3.282198	-10.357113	-8.507380	-0.110907
2.253780	-10.729456	-9.367527	-0.404392
0.779950	-6.333618	-9.894507	0.293970
3.141681	-6.945934	-11.746676	0.339056
1.466025	-7.891292	-8.059727	0.339357
3.793946	-9.390401	-8.623813	0.391075
1.954593	-10.048878	-10.179861	0.327535
0.278466	-7.755347	-11.940653	0.327076
6.785237	-9.016573	-9.225329	-0.393541
9.411091	-6.050073	-9.208575	-0.400953
9.789121	-6.920924	-8.190672	-0.118338
3.685659	-11.234362	-7.455836	-0.321650
5.096062	-7.389639	-9.927321	-0.109785
6.124464	-7.762018	-9.067174	-0.404183
7.598270	-9.301057	-8.540208	0.294171
8.599708	-6.335779	-9.895053	0.295714
9.289316	-7.891981	-8.059918	0.340753
4.584303	-6.422939	-9.810829	0.391110
6.423666	-7.081428	-8.254839	0.326992
0.292178	-7.915424	-4.506083	-0.121686
1.341230	-8.266948	-3.604907	-0.319208
3.016866	-6.570290	-7.291812	-0.323878
1.606593	-10.415025	-4.820475	-0.112163
0.578081	-10.042705	-5.680519	-0.404661
0.442656	-9.390377	-1.249930	0.390819
2.118308	-11.381761	-4.936834	0.391713
0.278931	-10.723260	-6.492898	0.327039
5.109581	-11.755553	-5.538380	-0.394056
3.433885	-9.016621	-1.851342	-0.394035
7.735433	-8.787154	-5.521656	-0.400822
6.059743	-6.050061	-1.834633	-0.402812
4.734774	-10.882874	-6.554764	-0.118962
3.059104	-9.889265	-2.867786	-0.119115
8.113456	-7.916326	-4.503738	-0.118722
6.437786	-6.920924	-0.816759	-0.116042
0.334423	-11.234410	-0.082071	-0.324436
2.010059	-9.537752	-3.768976	-0.324568
8.159306	-11.234315	-0.083148	-0.314721
9.165948	-8.266865	-3.603831	-0.315310
9.834942	-9.537835	-3.770052	-0.315263
10.841600	-6.570385	-7.290736	-0.317296
1.744712	-7.389663	-2.553408	-0.109303
3.420368	-7.447611	-6.240357	-0.110526
7.749455	-10.357208	-1.133511	-0.122377
9.575763	-7.389793	-2.553423	-0.123894
9.425127	-10.414907	-4.820460	-0.123572
2.773208	-7.761995	-1.693365	-0.404888
4.448849	-7.075244	-5.380314	-0.403264
6.721050	-10.730418	-1.994204	-0.397934
10.604199	-7.762968	-1.692731	-0.399022
8.396691	-10.041732	-5.681153	-0.398698
5.922623	-11.471093	-4.853244	0.294331
4.246998	-9.301057	-1.166295	0.294280
6.924057	-8.501471	-6.208148	0.295802
5.248425	-6.335779	-2.521185	0.295363
5.236572	-9.913372	-6.688010	0.338930
3.560921	-10.858754	-3.001105	0.339667
7.613660	-6.945257	-4.372969	0.340620
5.938008	-7.892004	-0.686065	0.340526
1.232998	-6.422939	-2.437049	0.390140
2.908649	-8.414323	-6.123954	0.390788
8.265227	-9.392134	-1.250534	0.394629
9.060011	-6.424695	-2.436444	0.394413
10.735678	-8.412566	-6.123349	0.394368
3.072374	-7.081440	-0.880986	0.327165
4.748030	-7.755810	-4.567935	0.326686
6.424117	-10.049353	-2.807055	0.326404
10.901132	-7.081903	-0.879879	0.326543
8.099758	-10.722797	-6.494004	0.326606
1.758234	-11.755541	1.835562	-0.394400
0.082640	-9.016573	5.522408	-0.393541
10.540059	-6.049159	5.538291	-0.394036
4.384081	-8.787201	1.852331	-0.400382
7.914212	-9.017499	5.521523	-0.400293
2.708494	-6.050073	5.539162	-0.400953
1.383462	-10.882885	0.819134	-0.119909
10.914846	-6.921815	6.554720	-0.119052
9.211769	-10.883776	0.816789	-0.120340
4.762146	-7.916326	2.870190	-0.119351
7.536162	-9.888374	4.503664	-0.119368
3.086524	-6.920924	6.557065	-0.118338
4.807945	-11.234279	7.290824	-0.314855
7.490364	-6.570421	0.083030	-0.316692
5.814701	-8.266841	3.769994	-0.316570
6.483592	-9.537859	3.603860	-0.316163
0.069092	-7.447587	1.133496	-0.109171
4.398157	-10.357231	6.240357	-0.123185
7.900151	-7.447469	1.133496	-0.122815
6.224531	-7.389758	4.820401	-0.122787
6.073777	-10.414942	2.553453	-0.122904
1.097525	-7.075232	1.993643	-0.405261
3.369785	-10.730418	5.379591	-0.399180
8.928523	-7.074270	1.994263	-0.399260
7.252865	-7.762980	5.681182	-0.398642
5.045444	-10.041720	1.692672	-0.398551
2.571340	-11.471082	2.520624	0.293935
0.895673	-9.301057	6.207529	0.294171
9.726953	-6.333618	4.853230	0.293970
3.572778	-8.501471	1.165779	0.295764
8.725530	-9.303229	6.208075	0.295859
1.897111	-6.335779	4.852684	0.295714
1.885265	-9.913408	0.685844	0.339327
0.209625	-10.858766	4.372793	0.339092
10.413028	-7.891292	6.688010	0.339357
9.711574	-9.912719	0.686035	0.340799
4.262366	-6.945246	3.000855	0.340481
8.035927	-10.859454	4.372999	0.340413
2.586719	-7.891981	6.687819	0.340753
4.913919	-9.392157	6.123319	0.394672
7.384389	-8.412543	1.250534	0.394627
5.708735	-6.424707	4.937513	0.394684
6.589573	-11.379993	2.436341	0.394721
1.396712	-7.755822	2.805978	0.327556
3.072823	-10.049341	4.566769	0.327028
9.225469	-7.755347	2.807084	0.327076
7.549827	-7.081903	6.494004	0.326581
4.748466	-10.722797	0.879850	0.326441
1.032836	-8.787154	9.226081	-0.400822
5.860522	-10.883764	8.190613	-0.120419
1.410859	-7.916326	10.243999	-0.118722
2.463351	-8.266865	11.143906	-0.315310
3.132345	-9.537835	10.977685	-0.315263
4.139003	-6.570385	7.457001	-0.317296
2.873166	-7.389793	12.194314	-0.123894
2.722530	-10.414907	9.927277	-0.123572
4.548837	-7.447480	8.507365	-0.123742
1.694094	-10.041732	9.066584	-0.398698
5.577258	-7.074282	9.368057	-0.398048
8.051295	-8.503643	8.540149	0.293919
0.221460	-8.501471	8.539589	0.295802
6.360300	-9.912684	8.059918	0.339978
0.911063	-6.945257	10.374768	0.340620
2.357414	-6.424695	12.311293	0.394413
4.033081	-8.412566	8.624388	0.394368
1.397161	-10.722797	8.253733	0.326606
5.874191	-7.755336	10.180909	0.325885
3.268665	-2.853227	-12.896291	-0.393601
1.593056	-0.114259	-9.209446	-0.394429
0.642811	-5.819727	-12.913045	-0.400746
3.643472	-1.980535	-11.879907	-0.120190
1.967843	-0.986915	-8.193017	-0.119379
0.264766	-4.948876	-13.930948	-0.118783
4.692574	-2.332024	-10.978805	-0.323775
4.957840	-4.480161	-12.194299	-0.109728
3.282198	-4.422213	-8.507380	-0.110419
3.929438	-4.107782	-13.054446	-0.404069
2.253780	-4.794556	-9.367527	-0.404583
2.455633	-2.568743	-13.581412	0.294128
0.779950	-0.398718	-9.894507	0.293997
1.454194	-5.534009	-12.226567	0.295645
3.141681	-1.011034	-11.746676	0.339117
1.466025	-1.956392	-8.059727	0.339228
0.764571	-3.977819	-14.061702	0.340747
5.469584	-5.446849	-12.310791	0.391076
3.793946	-3.455501	-8.623813	0.390992
1.954593	-4.113978	-10.179861	0.327484
0.278466	-1.820447	-11.940653	0.327024
6.785237	-3.081673	-9.225329	-0.393567
9.411091	-0.115173	-9.208575	-0.400693
6.410430	-3.954365	-10.241713	-0.120206
9.789121	-0.986024	-8.190672	-0.118865
5.361313	-3.602876	-11.142815	-0.323517
3.685659	-5.299462	-7.455836	-0.323351
5.096062	-1.454739	-9.927321	-0.109694
11.100754	-4.422331	-8.507380	-0.124162
6.124464	-1.827118	-9.067174	-0.404092
10.072382	-4.795518	-9.368146	-0.398795
7.598270	-3.366157	-8.540208	0.294148
8.599708	-0.400879	-9.895053	0.295733
6.912222	-4.923866	-10.374944	0.339031
9.289316	-1.957081	-8.059918	0.340743
4.584303	-0.488039	-9.810829	0.391089
8.099309	-1.820922	-11.941759	0.327504
6.423666	-1.146528	-8.254839	0.326961
9.775420	-4.114441	-10.180968	0.327056
0.295183	-1.976761	-4.500124	-0.125643
1.344053	-2.331751	-3.601648	-0.313370
3.016866	-0.635390	-7.291812	-0.325345
1.609263	-4.482796	-4.819428	-0.108828
0.581241	-4.111580	-5.679722	-0.408306
2.120067	-5.449591	-4.936849	0.388308
0.442656	-3.455477	-1.249930	0.390083
0.278575	-4.789179	-6.493871	0.325933
3.434158	-3.082017	-1.851254	-0.399297
5.109581	-5.820653	-5.538380	-0.395003
7.735433	-2.852254	-5.521656	-0.400674
6.059743	-0.115161	-1.834633	-0.400255
3.059516	-3.954744	-2.867624	-0.117796
4.734774	-4.947974	-6.554764	-0.118306
8.113456	-1.981426	-4.503738	-0.118625
10.887434	-3.953474	-2.870146	-0.118711
6.437786	-0.986024	-0.816759	-0.123013
2.010643	-3.603398	-3.768710	-0.323123
0.334423	-5.299510	-0.082071	-0.323340
9.165948	-2.331965	-3.603831	-0.315580
9.834942	-3.602935	-3.770052	-0.315306
10.841600	-0.635485	-7.290736	-0.313806
8.159306	-5.299415	-0.083148	-0.317216
1.745542	-1.453113	-2.551344	-0.115514
3.420368	-1.512711	-6.240357	-0.111174
9.575763	-1.454893	-2.553423	-0.123111
9.425127	-4.480007	-4.820460	-0.123786
7.749455	-4.422308	-1.133511	-0.122890
2.774029	-1.827213	-1.692554	-0.403783
4.448849	-1.140344	-5.380314	-0.404728
10.604199	-1.828068	-1.692731	-0.398989
8.396691	-4.106832	-5.681153	-0.398915
6.721050	-4.795518	-1.994204	-0.399138
4.247201	-3.366180	-1.166089	0.296110
5.922623	-5.536193	-4.853244	0.294716
6.924057	-2.566571	-6.208148	0.295930
5.248425	-0.400879	-2.521185	0.296485
3.561071	-4.924210	-3.001194	0.340144
5.236572	-3.978472	-6.688010	0.338771
7.613660	-1.010357	-4.372969	0.340484
5.938008	-1.957104	-0.686065	0.341596
1.232269	-0.486947	-2.437064	0.390437
2.908649	-2.479423	-6.123954	0.391562
9.060011	-0.489795	-2.436444	0.394313
9.940878	-5.445105	-4.937439	0.394447
10.735678	-2.477666	-6.123349	0.394234
8.265227	-3.457234	-1.250534	0.394855
3.072375	-1.146124	-0.880676	0.328490
4.748030	-1.820910	-4.567935	0.327799
10.901132	-1.147003	-0.879879	0.326597
8.099758	-4.787897	-6.494004	0.326579
6.424117	-4.114453	-2.807055	0.327233
0.082640	-3.081673	5.522408	-0.393567
10.540059	-0.114259	5.538291	-0.394429
1.758234	-5.820641	1.835562	-0.392356
4.384081	-2.852301	1.852331	-0.400804
7.914212	-3.082599	5.521523	-0.397581
2.708494	-0.115173	5.539162	-0.400693
9.589814	-5.819727	1.834692	-0.400746
10.914846	-0.986915	6.554720	-0.119379
1.383462	-4.947985	0.819134	-0.119729
4.762146	-1.981426	2.870190	-0.118149
7.536162	-3.953474	4.503664	-0.123036
3.086524	-0.986024	6.557065	-0.118865
9.211769	-4.948876	0.816789	-0.118783
7.490364	-0.635521	0.083030	-0.317633
5.814701	-2.331941	3.769994	-0.316295
6.483592	-3.602959	3.603860	-0.316455
4.807945	-5.299379	7.290824	-0.314256
0.069092	-1.512687	1.133496	-0.110383
7.900151	-1.512569	1.133496	-0.121007
6.224531	-1.454858	4.820401	-0.123142
6.073777	-4.480042	2.553453	-0.122586
4.398157	-4.422331	6.240357	-0.124162
1.097525	-1.140332	1.993643	-0.404152
11.200783	-4.794556	5.380210	-0.404583
8.928523	-1.139370	1.994263	-0.400291
7.252865	-1.828080	5.681182	-0.396803
5.045444	-4.106820	1.692672	-0.400284
3.369785	-4.795518	5.379591	-0.398795
0.895673	-3.366157	6.207529	0.294148
9.726953	-0.398718	4.853230	0.293997
2.571340	-5.536182	2.520624	0.293961
3.572778	-2.566571	1.165779	0.295940
8.725530	-3.368329	6.208075	0.295829
1.897111	-0.400879	4.852684	0.295733
10.401197	-5.534009	2.521170	0.295645
0.209625	-4.923866	4.372793	0.339031
10.413028	-1.956392	6.688010	0.339228
1.885265	-3.978508	0.685844	0.339359
4.262366	-1.010346	3.000855	0.340730
8.035927	-4.924554	4.372999	0.339999
2.586719	-1.957081	6.687819	0.340743
9.711574	-3.977819	0.686035	0.340747
7.384389	-2.477643	1.250534	0.395106
5.708735	-0.489807	4.937513	0.394368
6.589573	-5.445093	2.436341	0.395115
4.913919	-3.457257	6.123319	0.394461
1.396712	-1.820922	2.805978	0.327504
10.901596	-4.113978	4.567876	0.327484
9.225469	-1.820447	2.807084	0.327024
7.549827	-1.147003	6.494004	0.326174
4.748482	-4.787897	0.879850	0.326943
3.072823	-4.114441	4.566769	0.327056
8.873769	-2.855482	9.235829	-0.385427
7.188711	-0.114247	12.912234	-0.392045
1.032836	-2.852254	9.226081	-0.400674
4.562875	-3.082635	12.895510	-0.401115
6.238565	-5.819739	9.208487	-0.401750
9.242186	-1.976761	10.247613	-0.125643
1.410859	-1.981426	10.243999	-0.118625
4.184837	-3.953474	11.877591	-0.118711
5.860522	-4.948864	8.190613	-0.116796
2.463351	-2.331965	11.143906	-0.315580
3.132345	-3.602935	10.977685	-0.315306
4.139003	-0.635485	7.457001	-0.313806
2.873166	-1.454893	12.194314	-0.123111
2.722530	-4.480007	9.927277	-0.123786
4.548837	-1.512580	8.507365	-0.125559
1.046858	-4.422308	13.614226	-0.122890
9.528244	-4.111580	9.068015	-0.408306
3.901602	-1.828068	13.055006	-0.398989
1.694094	-4.106832	9.066584	-0.398915
5.577258	-1.139382	9.368057	-0.398440
0.018453	-4.795518	12.753533	-0.399138
8.061617	-2.572257	8.548909	0.296161
6.375670	-0.398707	12.227098	0.293522
0.221460	-2.566571	8.539589	0.295930
7.049883	-5.534021	9.895038	0.296038
8.736209	-1.008672	10.375313	0.335493
0.911063	-1.010357	10.374768	0.340484
4.684649	-4.924531	11.746823	0.340618
6.360300	-3.977784	8.059918	0.339810
2.357414	-0.489795	12.311293	0.394313
3.238281	-5.445105	9.810298	0.394447
4.033081	-2.477666	8.624388	0.394234
1.562630	-3.457234	13.497203	0.394855
9.225578	-4.789179	8.253866	0.325933
7.550278	-4.113990	11.941788	0.325742
4.198535	-1.147003	13.867858	0.326597
1.397161	-4.787897	8.253733	0.326579
5.874191	-1.820436	10.180909	0.325382
0.787767	-0.635521	14.830767	-0.317633
3.268665	3.081673	-12.896291	-0.393800
1.593056	5.820641	-9.209446	-0.394036
0.642811	0.115173	-12.913045	-0.400025
3.643472	3.954365	-11.879907	-0.120013
1.967843	4.947985	-8.193017	-0.119052
0.264766	0.986024	-13.930948	-0.120340
4.692574	3.602876	-10.978805	-0.323678
3.282198	1.512687	-8.507380	-0.110907
4.957840	1.454739	-12.194299	-0.110034
2.253780	1.140344	-9.367527	-0.404392
3.929438	1.827118	-13.054446	-0.403904
2.455633	3.366157	-13.581412	0.294103
0.779950	5.536182	-9.894507	0.293970
1.454194	0.400891	-12.226567	0.295687
3.141681	4.923866	-11.746676	0.339056
1.466025	3.978508	-8.059727	0.339357
0.764571	1.957081	-14.061702	0.340799
3.793946	2.479399	-8.623813	0.391075
5.469584	0.488051	-12.310791	0.391023
1.954593	1.820922	-10.179861	0.327535
3.630236	1.146540	-13.866781	0.326882
0.278466	4.114453	-11.940653	0.327076
6.785237	2.853227	-9.225329	-0.393541
9.411091	5.819727	-9.208575	-0.400953
6.410430	1.980535	-10.241713	-0.120324
9.789121	4.948876	-8.190672	-0.118338
3.685659	0.635438	-7.455836	-0.321650
5.361313	2.332024	-11.142815	-0.323236
5.096062	4.480161	-9.927321	-0.109785
11.100754	1.512569	-8.507380	-0.123185
6.124464	4.107782	-9.067174	-0.404183
10.072382	1.139382	-9.368146	-0.399180
7.598270	2.568743	-8.540208	0.294171
8.599708	5.534021	-9.895053	0.295714
6.912222	1.011034	-10.374944	0.339092
9.289316	3.977819	-8.059918	0.340753
4.584303	5.446861	-9.810829	0.391110
6.423666	4.788372	-8.254839	0.326992
9.775420	1.820459	-10.180968	0.327028
0.292178	3.954376	-4.506083	-0.121686
1.341230	3.602852	-3.604907	-0.319208
3.016866	5.299510	-7.291812	-0.323878
1.606593	1.454775	-4.820475	-0.112163
0.578081	1.827095	-5.680519	-0.404661
0.442656	2.479423	-1.249930	0.390819
2.118308	0.488039	-4.936834	0.391713
0.278931	1.146540	-6.492898	0.327039
5.109581	0.114247	-5.538380	-0.394056
3.433885	2.853179	-1.851342	-0.394035
7.735433	3.082646	-5.521656	-0.400822
6.059743	5.819739	-1.834633	-0.402812
4.734774	0.986926	-6.554764	-0.118962
3.059104	1.980535	-2.867786	-0.119115
8.113456	3.953474	-4.503738	-0.118722
10.887434	1.981426	-2.870146	-0.118468
6.437786	4.948876	-0.816759	-0.116042
0.334423	0.635390	-0.082071	-0.324436
2.010059	2.332048	-3.768976	-0.324568
8.159306	0.635485	-0.083148	-0.314721
9.165948	3.602935	-3.603831	-0.315310
9.834942	2.331965	-3.770052	-0.315263
10.841600	5.299415	-7.290736	-0.317296
1.744712	4.480137	-2.553408	-0.109303
3.420368	4.422189	-6.240357	-0.110526
7.749455	1.512592	-1.133511	-0.122377
9.575763	4.480007	-2.553423	-0.123894
9.425127	1.454893	-4.820460	-0.123572
2.773208	4.107805	-1.693365	-0.404888
4.448849	4.794556	-5.380314	-0.403264
6.721050	1.139382	-1.994204	-0.397934
10.604199	4.106832	-1.692731	-0.399022
8.396691	1.828068	-5.681153	-0.398698
5.922623	0.398707	-4.853244	0.294331
4.246998	2.568743	-1.166295	0.294280
6.924057	3.368329	-6.208148	0.295802
5.248425	5.534021	-2.521185	0.295363
5.236572	1.956428	-6.688010	0.338930
3.560921	1.011046	-3.001105	0.339667
7.613660	4.924543	-4.372969	0.340620
5.938008	3.977796	-0.686065	0.340526
1.232998	5.446861	-2.437049	0.390140
2.908649	3.455477	-6.123954	0.390788
8.265227	2.477666	-1.250534	0.394629
9.060011	5.445105	-2.436444	0.394413
9.940878	0.489795	-4.937439	0.394369
10.735678	3.457234	-6.123349	0.394368
3.072374	4.788360	-0.880986	0.327165
4.748030	4.113990	-4.567935	0.326686
6.424117	1.820447	-2.807055	0.326404
10.901132	4.787897	-0.879879	0.326543
8.099758	1.147003	-6.494004	0.326606
1.758234	0.114259	1.835562	-0.394400
0.082640	2.853227	5.522408	-0.393541
10.540059	5.820641	5.538291	-0.394036
9.589814	0.115173	1.834692	-0.400025
4.384081	3.082599	1.852331	-0.400382
7.914212	2.852301	5.521523	-0.400293
2.708494	5.819727	5.539162	-0.400953
1.383462	0.986915	0.819134	-0.119909
10.914846	4.947985	6.554720	-0.119052
9.211769	0.986024	0.816789	-0.120340
4.762146	3.953474	2.870190	-0.119351
7.536162	1.981426	4.503664	-0.119368
3.086524	4.948876	6.557065	-0.118338
4.807945	0.635521	7.290824	-0.314855
7.490364	5.299379	0.083030	-0.316692
5.814701	3.602959	3.769994	-0.316570
6.483592	2.331941	3.603860	-0.316163
0.069092	4.422213	1.133496	-0.109171
4.398157	1.512569	6.240357	-0.123185
7.900151	4.422331	1.133496	-0.122815
6.224531	4.480042	4.820401	-0.122787
6.073777	1.454858	2.553453	-0.122904
11.200783	1.140344	5.380210	-0.404392
1.097525	4.794568	1.993643	-0.405261
3.369785	1.139382	5.379591	-0.399180
8.928523	4.795530	1.994263	-0.399260
7.252865	4.106820	5.681182	-0.398642
5.045444	1.828080	1.692672	-0.398551
2.571340	0.398718	2.520624	0.293935
0.895673	2.568743	6.207529	0.294171
9.726953	5.536182	4.853230	0.293970
10.401197	0.400891	2.521170	0.295687
3.572778	3.368329	1.165779	0.295764
8.725530	2.566571	6.208075	0.295859
1.897111	5.534021	4.852684	0.295714
1.885265	1.956392	0.685844	0.339327
0.209625	1.011034	4.372793	0.339092
10.413028	3.978508	6.688010	0.339357
9.711574	1.957081	0.686035	0.340799
4.262366	4.924554	3.000855	0.340481
8.035927	1.010346	4.372999	0.340413
2.586719	3.977819	6.687819	0.340753
4.913919	2.477643	6.123319	0.394672
7.384389	3.457257	1.250534	0.394627
5.708735	5.445093	4.937513	0.394684
6.589573	0.489807	2.436341	0.394721
10.901596	1.820922	4.567876	0.327535
1.396712	4.113978	2.805978	0.327556
3.072823	1.820459	4.566769	0.327028
9.225469	4.114453	2.807084	0.327076
7.549827	4.787897	6.494004	0.326581
4.748466	1.147003	0.879850	0.326441
8.864423	3.081721	9.225196	-0.393045
6.238565	0.115161	9.208487	-0.398957
1.032836	3.082646	9.226081	-0.400822
4.562875	2.852265	12.895510	-0.401148
9.239181	3.954376	10.241654	-0.121686
5.860522	0.986036	8.190613	-0.120419
1.410859	3.953474	10.243999	-0.118722
4.184837	1.981426	11.877591	-0.118468
1.456709	0.635485	14.664589	-0.314721
2.463351	3.602935	11.143906	-0.315310
3.132345	2.331965	10.977685	-0.315263
4.139003	5.299415	7.457001	-0.317296
10.553596	1.454775	9.927262	-0.112163
1.046858	1.512592	13.614226	-0.122377
2.873166	4.480007	12.194314	-0.123894
2.722530	1.454893	9.927277	-0.123572
4.548837	4.422320	8.507365	-0.123742
9.525084	1.827095	9.067218	-0.404661
0.018453	1.139382	12.753533	-0.397934
3.901602	4.106832	13.055006	-0.399022
1.694094	1.828068	9.066584	-0.398698
5.577258	4.795518	9.368057	-0.398048
8.051295	3.366157	8.540149	0.293919
6.375670	5.536193	12.227098	0.294071
7.049883	0.400879	9.895038	0.296448
0.221460	3.368329	8.539589	0.295802
5.374251	2.566571	13.582002	0.295965
8.737372	4.923854	10.374959	0.338701
6.360300	1.957116	8.059918	0.339978
0.911063	4.924543	10.374768	0.340620
4.684649	1.010369	11.746823	0.340551
11.065311	0.488039	9.810903	0.391713
1.562630	2.477666	13.497203	0.394629
2.357414	5.445105	12.311293	0.394413
3.238281	0.489795	9.810298	0.394369
4.033081	3.457234	8.624388	0.394368
7.550278	1.820910	11.941788	0.326441
9.225934	1.146540	8.254839	0.327039
1.397161	1.147003	8.253733	0.326606
5.874191	4.114464	10.180909	0.325885
0.642811	6.050073	-12.913045	-0.400746
1.967843	10.882885	-8.193017	-0.119379
3.282198	7.447587	-8.507380	-0.110419
2.253780	7.075244	-9.367527	-0.404583
1.454194	6.335791	-12.226567	0.295645
1.466025	9.913408	-8.059727	0.339228
5.469584	6.422951	-12.310791	0.391076
3.793946	8.414299	-8.623813	0.390992
1.954593	7.755822	-10.179861	0.327484
6.785237	8.788127	-9.225329	-0.393567
6.410430	7.915435	-10.241713	-0.120206
5.361313	8.266924	-11.142815	-0.323517
3.685659	6.570338	-7.455836	-0.323351
6.124464	10.042682	-9.067174	-0.404092
7.598270	8.503643	-8.540208	0.294148
6.912222	6.945934	-10.374944	0.339031
6.423666	10.723272	-8.254839	0.326961
0.295183	9.893039	-4.500124	-0.125643
1.344053	9.538049	-3.601648	-0.313370
3.016866	11.234410	-7.291812	-0.325345
1.609263	7.387004	-4.819428	-0.108828
0.581241	7.758220	-5.679722	-0.408306
2.120067	6.420209	-4.936849	0.388308
0.442656	8.414323	-1.249930	0.390083
0.278575	7.080621	-6.493871	0.325933
3.434158	8.787783	-1.851254	-0.399297
5.109581	6.049147	-5.538380	-0.395003
7.735433	9.017546	-5.521656	-0.400674
6.059743	11.754639	-1.834633	-0.400255
3.059516	7.915056	-2.867624	-0.117796
4.734774	6.921826	-6.554764	-0.118306
8.113456	9.888374	-4.503738	-0.118625
10.887434	7.916326	-2.870146	-0.118711
6.437786	10.883776	-0.816759	-0.123013
2.010643	8.266402	-3.768710	-0.323123
0.334423	6.570290	-0.082071	-0.323340
9.165948	9.537835	-3.603831	-0.315580
9.834942	8.266865	-3.770052	-0.315306
8.159306	6.570385	-0.083148	-0.317216
1.745542	10.416687	-2.551344	-0.115514
3.420368	10.357089	-6.240357	-0.111174
9.575763	10.414907	-2.553423	-0.123111
9.425127	7.389793	-4.820460	-0.123786
7.749455	7.447492	-1.133511	-0.122890
2.774029	10.042587	-1.692554	-0.403783
4.448849	10.729456	-5.380314	-0.404728
10.604199	10.041732	-1.692731	-0.398989
8.396691	7.762968	-5.681153	-0.398915
6.721050	7.074282	-1.994204	-0.399138
4.247201	8.503620	-1.166089	0.296110
5.922623	6.333607	-4.853244	0.294716
6.924057	9.303229	-6.208148	0.295930
5.248425	11.468921	-2.521185	0.296485
3.561071	6.945590	-3.001194	0.340144
5.236572	7.891328	-6.688010	0.338771
7.613660	10.859443	-4.372969	0.340484
5.938008	9.912696	-0.686065	0.341596
1.232269	11.382853	-2.437064	0.390437
2.908649	9.390377	-6.123954	0.391562
9.060011	11.380005	-2.436444	0.394313
9.940878	6.424695	-4.937439	0.394447
8.265227	8.412566	-1.250534	0.394855
3.072375	10.723676	-0.880676	0.328490
4.748030	10.048890	-4.567935	0.327799
8.099758	7.081903	-6.494004	0.326579
6.424117	7.755347	-2.807055	0.327233
0.082640	8.788127	5.522408	-0.393567
1.758234	6.049159	1.835562	-0.392356
4.384081	9.017499	1.852331	-0.400804
7.914212	8.787201	5.521523	-0.397581
2.708494	11.754627	5.539162	-0.400693
9.589814	6.050073	1.834692	-0.400746
1.383462	6.921815	0.819134	-0.119729
4.762146	9.888374	2.870190	-0.118149
7.536162	7.916326	4.503664	-0.123036
3.086524	10.883776	6.557065	-0.118865
9.211769	6.920924	0.816789	-0.118783
7.490364	11.234279	0.083030	-0.317633
5.814701	9.537859	3.769994	-0.316295
6.483592	8.266841	3.603860	-0.316455
4.807945	6.570421	7.290824	-0.314256
0.069092	10.357113	1.133496	-0.110383
7.900151	10.357231	1.133496	-0.121007
6.224531	10.414942	4.820401	-0.123142
6.073777	7.389758	2.553453	-0.122586
4.398157	7.447469	6.240357	-0.124162
1.097525	10.729468	1.993643	-0.404152
11.200783	7.075244	5.380210	-0.404583
8.928523	10.730430	1.994263	-0.400291
7.252865	10.041720	5.681182	-0.396803
5.045444	7.762980	1.692672	-0.400284
3.369785	7.074282	5.379591	-0.398795
0.895673	8.503643	6.207529	0.294148
2.571340	6.333618	2.520624	0.293961
3.572778	9.303229	1.165779	0.295940
8.725530	8.501471	6.208075	0.295829
1.897111	11.468921	4.852684	0.295733
10.401197	6.335791	2.521170	0.295645
0.209625	6.945934	4.372793	0.339031
1.885265	7.891292	0.685844	0.339359
4.262366	10.859454	3.000855	0.340730
8.035927	6.945246	4.372999	0.339999
2.586719	9.912719	6.687819	0.340743
9.711574	7.891981	0.686035	0.340747
7.384389	9.392157	1.250534	0.395106
5.708735	11.379993	4.937513	0.394368
6.589573	6.424707	2.436341	0.395115
4.913919	8.412543	6.123319	0.394461
1.396712	10.048878	2.805978	0.327504
10.901596	7.755822	4.567876	0.327484
9.225469	10.049353	2.807084	0.327024
7.549827	10.722797	6.494004	0.326174
4.748482	7.081903	0.879850	0.326943
3.072823	7.755359	4.566769	0.327056
1.032836	9.017546	9.226081	-0.400674
6.238565	6.050061	9.208487	-0.401750
1.410859	9.888374	10.243999	-0.118625
4.184837	7.916326	11.877591	-0.118711
5.860522	6.920936	8.190613	-0.116796
2.463351	9.537835	11.143906	-0.315580
3.132345	8.266865	10.977685	-0.315306
4.139003	11.234315	7.457001	-0.313806
2.722530	7.389793	9.927277	-0.123786
4.548837	10.357220	8.507365	-0.125559
1.694094	7.762968	9.066584	-0.398915
0.018453	7.074282	12.753533	-0.399138
0.221460	9.303229	8.539589	0.295930
7.049883	6.335779	9.895038	0.296038
4.684649	6.945269	11.746823	0.340618
6.360300	7.892016	8.059918	0.339810
3.238281	6.424695	9.810298	0.394447
4.033081	9.392134	8.624388	0.394234
9.225578	7.080621	8.253866	0.325933
1.397161	7.081903	8.253733	0.326579
1.606593	13.324575	-4.820475	-0.112163
0.578081	13.696895	-5.680519	-0.404661
0.442656	14.349223	-1.249930	0.390819
2.118308	12.357839	-4.936834	0.391713
0.278931	13.016340	-6.492898	0.327039
5.109581	11.984047	-5.538380	-0.394056
3.059104	13.850335	-2.867786	-0.119115
0.334423	12.505190	-0.082071	-0.324436
2.010059	14.201848	-3.768976	-0.324568
8.159306	12.505285	-0.083148	-0.314721
6.721050	13.009182	-1.994204	-0.397934
5.922623	12.268507	-4.853244	0.294331
3.560921	12.880846	-3.001105	0.339667
1.758234	11.984059	1.835562	-0.394400
1.383462	12.856715	0.819134	-0.119909
6.073777	13.324658	2.553453	-0.122904
3.369785	13.009182	5.379591	-0.399180
5.045444	13.697880	1.692672	-0.398551
2.571340	12.268518	2.520624	0.293935
1.885265	13.826192	0.685844	0.339327
0.209625	12.880834	4.372793	0.339092
6.589573	12.359607	2.436341	0.394721
3.072823	13.690259	4.566769	0.327028
4.748466	13.016803	0.879850	0.326441
11.265472	-9.017535	-1.852227	-0.401148
11.251434	-7.447480	-6.240372	-0.123742
13.078267	-6.333607	-2.520639	0.294071
11.402636	-8.503643	1.166325	0.294103
12.088684	-6.945934	3.001061	0.339056
11.510542	-5.299379	-7.456913	-0.314256
11.616516	-3.457257	-8.624418	0.394461
13.891308	-0.114247	-1.835503	-0.392045
11.265472	-3.082635	-1.852227	-0.401115
14.266109	-0.986926	-0.819104	-0.121407
11.251434	-1.512580	-6.240372	-0.125559
12.279855	-1.139382	-5.379680	-0.398440
13.078267	-0.398707	-2.520639	0.293522
12.076848	-3.368329	-1.165735	0.295757
13.764333	-1.956428	-0.685873	0.338683
11.387246	-4.924531	-3.000914	0.340618
12.576788	-1.820436	-4.566828	0.325382
12.215668	-2.853227	1.851446	-0.393601
12.590475	-1.980535	2.867830	-0.120190
13.639577	-2.332024	3.768932	-0.323775
13.904843	-4.480161	2.553438	-0.109728
12.229201	-4.422213	6.240357	-0.110419
12.876441	-4.107782	1.693291	-0.404069
11.402636	-2.568743	1.166325	0.294128
12.088684	-1.011034	3.001061	0.339117
12.740949	-3.455501	6.123924	0.390992
12.577239	-4.788360	0.880956	0.326902
14.043065	-1.454739	4.820416	-0.109694
13.531306	-0.488039	4.936908	0.391089
11.963869	-0.635390	7.455925	-0.325345
11.855652	-2.479423	8.623783	0.391562
11.510542	0.635521	-7.456913	-0.314855
11.616516	2.477643	-8.624418	0.394672
12.941162	0.115161	-5.539250	-0.398957
11.265472	2.852265	-1.852227	-0.401148
12.563119	0.986036	-6.557124	-0.120419
11.251434	4.422320	-6.240372	-0.123742
14.552041	1.140344	-1.993570	-0.404565
12.279855	4.795518	-5.379680	-0.398048
13.078267	5.536193	-2.520639	0.294071
13.752480	0.400879	-4.852699	0.296448
12.076848	2.566571	-1.165735	0.295965
13.764333	3.978472	-0.685873	0.338713
13.062897	1.957116	-6.687819	0.339978
11.387246	1.010369	-3.000914	0.340551
14.252875	1.820910	-2.805949	0.326441
12.576788	4.114464	-4.566828	0.325885
12.215668	3.081673	1.851446	-0.393800
12.590475	3.954365	2.867830	-0.120013
13.639577	3.602876	3.768932	-0.323678
12.229201	1.512687	6.240357	-0.110907
13.904843	1.454739	2.553438	-0.110034
12.876441	1.827118	1.693291	-0.403904
11.402636	3.366157	1.166325	0.294103
12.088684	4.923866	3.001061	0.339056
12.740949	2.479399	6.123924	0.391075
14.416587	0.488051	2.436946	0.391023
12.577239	1.146540	0.880956	0.326882
12.632662	0.635438	7.291901	-0.321650
14.308316	2.332024	3.604922	-0.323236
11.265472	8.787165	-1.852227	-0.401115
12.076848	8.501471	-1.165735	0.295757
11.387246	6.945269	-3.000914	0.340618
11.402636	9.301057	1.166325	0.294128
12.577239	7.081440	0.880956	0.326902
